Ambient Temperature(C): 24.6
Ambient Pressure(in Hg): 29.7
Time(s)	T1(Deg C)	T2(Deg C)	P1(PSI)	P2(PSI)	Mass Flowrate(g/min)

0.00	24.40	24.30	0.70	2.60	0.00
0.10	24.50	24.30	1.20	3.00	0.00
0.20	24.50	24.30	1.20	3.30	0.00
0.30	24.40	24.20	1.20	3.30	0.00
0.40	24.40	24.20	1.50	2.90	0.00
0.50	24.50	24.40	1.50	2.70	0.00
0.60	24.50	24.40	1.00	2.70	0.00
0.70	24.50	24.30	1.20	2.40	0.00
0.80	24.50	24.30	1.20	2.40	0.00
0.90	24.40	24.30	1.20	2.60	0.00
1.00	24.40	24.30	1.00	3.00	0.00
1.10	24.30	24.20	1.90	2.70	0.00
1.20	24.30	24.20	1.90	2.70	0.00
1.30	24.40	24.20	1.00	2.60	0.00
1.40	24.40	24.20	1.30	2.60	0.00
1.50	24.40	24.20	1.20	2.40	0.00
1.60	24.40	24.20	1.00	2.70	0.00
1.70	24.40	24.30	1.00	2.70	0.00
1.80	24.40	24.30	1.60	2.40	0.00
1.90	24.40	24.20	1.00	2.60	0.00
2.00	24.40	24.20	0.60	2.60	0.00
2.10	24.50	24.30	0.60	2.60	0.00
2.20	24.50	24.30	1.30	2.70	0.00
2.30	24.50	24.20	1.30	2.70	0.00
2.40	24.50	24.20	1.30	2.70	0.00
2.50	24.60	24.30	1.20	2.30	0.00
2.60	24.60	24.30	1.50	2.60	0.00
2.70	24.50	24.30	1.20	1.80	0.00
2.80	24.50	24.30	1.20	1.80	0.00
2.90	24.40	24.30	1.20	2.70	0.00
3.00	24.40	24.30	1.00	2.90	0.00
3.10	24.60	24.40	1.00	2.40	0.00
3.20	24.60	24.40	1.00	2.40	0.00
3.30	24.60	24.30	1.00	2.90	0.00
3.40	24.60	24.30	1.20	2.60	0.00
3.50	24.40	24.20	1.20	2.60	0.00
3.60	24.40	24.20	1.20	2.40	0.00
3.70	24.40	24.30	1.20	2.40	0.00
3.80	24.40	24.30	1.60	2.90	0.00
3.90	24.50	24.20	1.50	3.30	0.00
4.00	24.50	24.20	1.60	2.30	0.00
4.10	24.50	24.40	1.90	2.30	0.00
4.20	24.50	24.40	1.90	2.30	0.00
4.30	24.40	24.30	1.30	2.70	0.00
4.40	24.40	24.30	1.20	2.10	0.00
4.50	24.60	24.40	1.30	2.90	0.00
4.60	24.60	24.40	1.50	2.90	0.00
4.70	24.50	24.40	1.20	2.70	0.00
4.80	24.50	24.40	1.20	2.70	0.00
4.90	24.50	24.20	1.50	3.00	0.00
5.00	24.50	24.20	1.20	2.40	0.00
5.10	24.50	24.30	1.20	2.40	0.00
5.20	24.50	24.30	1.50	3.00	0.00
5.30	24.50	24.30	1.20	2.70	0.00
5.40	24.50	24.30	1.20	2.30	0.00
5.50	24.50	24.20	1.00	2.30	0.00
5.60	24.50	24.20	1.30	2.70	0.00
5.70	24.50	24.30	1.20	2.40	0.00
5.80	24.50	24.30	1.30	2.90	0.00
5.90	24.50	24.20	1.30	2.90	0.00
6.00	24.50	24.20	1.30	2.70	0.00
6.10	24.60	24.30	1.30	2.70	0.00
6.20	24.60	24.30	1.20	2.40	0.00
6.30	24.40	24.30	1.50	2.90	0.00
6.40	24.40	24.30	1.30	3.20	0.00
6.50	24.50	24.30	0.70	2.70	0.00
6.60	24.60	24.30	0.70	2.70	0.00
6.70	24.60	24.30	1.00	2.90	0.00
6.80	24.50	24.30	1.30	2.90	0.00
6.90	24.50	24.30	0.90	2.90	0.00
7.00	24.50	24.40	0.90	2.90	0.00
7.10	24.60	24.30	0.90	2.70	0.00
7.20	24.60	24.30	1.60	2.70	0.00
7.30	24.60	24.30	1.20	2.70	0.00
7.40	24.60	24.30	1.20	2.70	0.00
7.50	24.60	24.30	1.20	2.70	0.00
7.60	24.60	24.40	1.20	2.70	0.00
7.70	24.60	24.40	1.30	2.30	0.00
7.80	24.50	24.30	1.50	2.70	0.00
7.90	24.50	24.30	1.30	2.40	0.00
8.00	24.50	24.30	1.30	2.70	0.00
8.10	24.50	24.30	1.30	2.70	0.00
8.20	24.50	24.30	1.30	2.70	0.00
8.30	24.50	24.30	-0.40	3.30	0.00
8.40	24.60	24.40	1.30	2.60	0.00
8.50	24.60	24.40	1.50	2.90	0.00
8.60	24.60	24.30	1.30	2.40	0.00
8.70	24.60	24.30	1.30	2.40	0.00
8.80	24.60	24.40	1.30	2.40	0.00
8.90	24.60	24.40	1.30	2.30	0.00
9.00	24.60	24.30	1.60	3.20	0.00
9.10	24.60	24.30	1.20	2.60	0.00
9.20	24.60	24.30	1.20	2.60	0.00
9.30	24.60	24.30	1.50	2.60	0.00
9.40	24.70	24.30	1.30	1.00	0.00
9.50	24.70	24.30	1.00	2.90	0.00
9.60	24.60	24.20	1.60	2.60	0.00
9.70	24.60	24.20	1.80	2.40	0.00
9.80	24.70	24.40	1.20	2.40	0.00
9.90	24.70	24.40	1.30	2.60	0.00
10.00	24.60	24.30	1.30	2.60	0.00
10.10	24.60	24.30	0.90	2.60	0.00
10.20	24.60	24.20	0.90	2.60	0.00
10.30	24.70	24.30	1.20	2.90	0.00
10.40	24.70	24.30	1.30	3.30	0.00
10.50	24.70	24.30	1.30	3.30	0.00
10.60	24.70	24.30	1.30	2.70	0.00
10.70	24.60	24.30	0.10	2.90	0.00
10.80	24.60	24.40	1.30	3.20	0.00
10.90	24.60	24.40	1.30	3.20	0.00
11.00	24.60	24.50	1.20	2.60	0.00
11.10	24.60	24.50	1.20	2.40	0.00
11.20	24.70	24.30	1.20	2.60	0.00
11.30	24.70	24.30	1.20	2.60	0.00
11.40	24.70	24.30	2.30	2.30	0.00
11.50	24.60	24.20	2.30	2.30	0.00
11.60	24.60	24.20	1.30	2.60	0.00
11.70	24.60	24.30	1.00	2.60	0.00
11.80	24.60	24.30	1.30	2.40	0.00
11.90	24.60	24.40	1.30	2.40	0.00
12.00	24.60	24.40	1.30	2.40	0.00
12.10	24.70	24.30	1.30	2.90	0.00
12.20	24.70	24.30	2.30	2.90	0.00
12.30	25.00	24.30	2.30	2.90	0.00
12.40	25.00	24.30	2.40	2.40	0.00
12.50	25.40	24.40	2.60	3.20	0.00
12.60	25.40	24.40	2.70	2.60	0.00
12.70	25.60	24.40	2.90	2.70	0.00
12.80	25.60	24.40	2.90	2.70	0.00
12.90	25.50	24.40	2.90	2.70	0.00
13.00	25.50	24.40	2.60	2.70	0.00
13.10	25.60	24.30	2.60	2.90	0.00
13.20	25.60	24.30	2.60	2.90	0.00
13.30	25.60	24.40	2.40	2.40	0.00
13.40	25.60	24.40	2.40	2.30	0.00
13.50	25.50	24.40	2.70	2.70	0.00
13.60	25.50	24.40	2.30	2.60	0.00
13.70	25.60	24.50	2.40	3.20	0.00
13.80	25.60	24.50	2.40	2.60	0.00
13.90	25.50	24.30	3.00	2.70	0.00
14.00	25.50	24.30	3.00	2.70	0.00
14.10	25.50	24.50	2.30	2.70	0.00
14.20	25.50	24.50	2.30	2.70	0.00
14.30	25.30	24.40	2.60	3.00	0.00
14.40	25.30	24.40	2.30	3.00	0.00
14.50	25.30	24.40	2.10	2.70	0.00
14.60	25.30	24.40	2.70	2.90	0.00
14.70	25.30	24.40	3.30	2.70	0.00
14.80	25.30	24.40	2.60	2.70	0.00
14.90	25.20	24.40	2.40	2.90	0.00
15.00	25.20	24.40	2.60	2.90	0.00
15.10	25.20	24.40	2.60	1.20	0.00
15.20	25.20	24.50	2.40	2.90	0.00
15.30	25.20	24.50	2.40	2.90	0.00
15.40	25.00	24.40	2.60	3.00	0.00
15.50	25.00	24.40	2.60	2.70	0.00
15.60	25.00	24.40	2.60	2.70	0.00
15.70	25.00	24.40	2.70	2.60	0.00
15.80	25.00	24.50	2.70	2.60	0.00
15.90	25.00	24.50	2.40	2.70	0.00
16.00	25.00	24.30	2.40	2.70	0.00
16.10	25.00	24.30	2.60	3.30	0.00
16.20	25.10	24.50	2.60	3.30	0.00
16.30	25.10	24.50	2.60	2.60	0.00
16.40	24.90	24.50	2.40	2.60	0.00
16.50	24.90	24.50	2.40	2.60	0.00
16.60	25.00	24.30	2.60	2.90	0.00
16.70	25.00	24.30	2.60	2.90	-0.01
16.80	25.00	24.30	3.00	2.40	10.05
16.90	25.00	24.40	2.40	2.70	9.40
17.00	25.00	24.40	2.40	2.70	3.14
17.10	25.10	24.40	2.40	2.70	1.31
17.20	25.10	24.40	2.60	2.60	0.79
17.30	25.00	24.50	2.70	2.90	0.51
17.40	25.00	24.50	2.70	2.90	0.57
17.50	25.10	24.50	2.40	2.90	1.39
17.60	25.10	24.50	2.60	2.70	4.01
17.70	25.00	24.40	2.30	2.70	6.30
17.80	25.00	24.40	2.60	2.70	7.81
17.90	25.10	24.40	2.60	2.60	10.60
18.00	25.10	24.40	2.60	2.60	11.83
18.10	25.20	24.60	2.60	2.70	12.30
18.20	25.20	24.60	2.60	2.70	12.47
18.30	25.20	24.40	2.70	2.60	12.79
18.40	25.30	24.40	2.70	2.60	13.45
18.50	25.30	24.40	3.20	2.40	14.55
18.60	25.40	24.40	3.80	2.90	16.13
18.70	25.40	24.40	2.90	2.60	19.57
18.80	25.40	24.40	3.30	3.30	21.38
18.90	25.40	24.40	3.20	3.60	22.27
19.00	25.70	24.40	3.20	3.60	23.16
19.10	25.70	24.40	2.90	2.60	24.00
19.20	25.70	24.50	3.30	3.00	25.57
19.30	25.70	24.50	3.30	3.00	27.63
19.40	25.90	24.40	3.80	2.60	30.32
19.50	25.90	24.40	3.80	2.60	32.05
19.60	26.00	24.40	3.80	2.90	33.42
19.70	26.20	24.50	3.80	2.90	35.58
19.80	26.20	24.50	3.90	2.40	37.66
19.90	26.40	24.30	4.40	2.40	39.37
20.00	26.40	24.30	4.40	2.40	42.80
20.10	26.40	24.30	4.60	2.60	45.70
20.20	26.40	24.30	4.90	2.60	46.63
20.30	26.80	24.50	4.60	2.70	46.84
20.40	26.80	24.50	4.60	2.60	47.57
20.50	26.70	24.30	4.90	2.60	48.98
20.60	26.70	24.30	4.90	3.00	50.07
20.70	27.00	24.50	5.50	2.70	50.56
20.80	27.00	24.50	5.50	2.70	50.60
20.90	27.00	24.30	5.80	2.60	50.64
21.00	27.00	24.30	5.80	2.90	50.57
21.10	27.10	24.50	6.10	3.00	50.39
21.20	27.10	24.50	6.10	3.00	50.30
21.30	27.50	24.40	6.30	2.70	50.00
21.40	27.50	24.40	6.30	2.90	49.63
21.50	27.70	24.30	6.40	3.20	49.61
21.60	27.70	24.40	6.70	3.00	49.61
21.70	27.70	24.40	7.00	2.60	49.63
21.80	28.00	24.50	7.30	2.60	49.66
21.90	28.00	24.50	7.50	2.90	49.67
22.00	28.00	24.50	7.50	2.90	49.66
22.10	28.00	24.50	7.50	2.70	49.67
22.20	28.20	24.40	7.80	2.60	49.75
22.30	28.20	24.40	7.60	2.70	49.78
22.40	28.20	24.40	7.90	2.30	49.80
22.50	28.30	24.60	8.10	2.40	49.87
22.60	28.30	24.60	8.10	2.60	49.87
22.70	28.60	24.40	8.10	2.30	49.95
22.80	28.60	24.40	8.40	2.70	49.95
22.90	28.50	24.40	8.40	2.70	49.98
23.00	28.80	24.60	8.70	2.90	49.95
23.10	28.80	24.60	8.70	2.90	49.94
23.20	28.70	24.40	8.90	2.90	49.96
23.30	28.70	24.40	8.70	2.70	49.95
23.40	28.80	24.50	9.50	2.60	49.94
23.50	28.80	24.50	9.50	2.30	49.92
23.60	28.80	24.40	9.80	2.90	49.91
23.70	28.80	24.40	9.50	2.90	49.89
23.80	28.70	24.40	9.50	2.90	49.86
23.90	28.70	24.40	10.10	2.40	49.86
24.00	28.90	24.50	10.10	2.40	49.91
24.10	28.90	24.50	10.10	2.70	49.91
24.20	28.70	24.30	10.40	2.90	49.92
24.30	28.70	24.30	10.40	2.90	49.94
24.40	28.90	24.50	10.40	2.90	49.92
24.50	28.90	24.50	10.30	2.40	49.95
24.60	29.00	24.40	10.70	2.70	49.96
24.70	29.00	24.40	11.00	2.60	49.95
24.80	29.10	24.50	11.20	1.60	49.98
24.90	29.10	24.50	11.20	1.60	49.94
25.00	29.20	24.50	11.30	3.20	49.98
25.10	29.20	24.50	11.50	2.60	49.96
25.20	29.00	24.40	11.30	3.00	49.99
25.30	29.00	24.40	11.60	2.70	49.99
25.40	29.20	24.40	12.40	2.60	49.94
25.50	29.20	24.40	12.40	2.60	49.96
25.60	29.40	24.50	12.10	2.10	50.02
25.70	29.40	24.50	12.10	2.10	49.98
25.80	29.40	24.40	12.70	2.70	50.02
25.90	29.40	24.50	13.00	2.70	49.98
26.00	29.40	24.50	13.00	2.70	50.00
26.10	29.40	24.50	12.70	2.90	50.00
26.20	29.40	24.50	13.20	3.00	50.00
26.30	29.40	24.50	12.90	2.60	49.98
26.40	29.60	24.50	13.30	3.00	50.04
26.50	29.60	24.50	13.20	2.40	49.98
26.60	29.60	24.50	13.50	3.20	49.99
26.70	29.60	24.50	13.60	2.90	49.96
26.80	29.40	24.40	13.60	2.60	49.93
26.90	29.60	24.40	13.60	2.60	49.94
27.00	29.60	24.40	14.10	3.00	49.93
27.10	29.60	24.40	14.40	3.00	49.89
27.20	29.70	24.50	14.40	2.10	49.96
27.30	29.70	24.50	14.40	2.70	49.92
27.40	29.70	24.40	14.70	2.90	49.95
27.50	29.70	24.40	14.70	2.90	49.93
27.60	29.60	24.40	14.60	2.90	49.94
27.70	29.60	24.40	14.90	2.90	49.94
27.80	29.70	24.50	15.20	3.00	49.92
27.90	29.70	24.40	15.00	2.60	49.98
28.00	29.70	24.40	15.00	2.60	49.96
28.10	29.90	24.60	15.60	3.00	49.94
28.20	29.90	24.60	15.60	3.00	49.92
28.30	29.90	24.60	15.50	2.30	49.92
28.40	29.90	24.40	15.80	2.60	49.95
28.50	29.90	24.40	17.00	2.30	49.92
28.60	29.80	24.50	15.90	3.00	49.88
28.70	29.80	24.50	16.40	2.90	49.92
28.80	29.90	24.50	16.60	2.40	49.89
28.90	29.90	24.50	17.00	2.90	49.93
29.00	29.80	24.50	16.90	2.60	49.96
29.10	29.80	24.50	16.60	3.00	49.93
29.20	30.00	24.60	16.60	3.00	49.95
29.30	30.00	24.60	17.60	2.60	49.98
29.40	29.80	24.40	17.60	2.60	50.00
29.50	29.80	24.40	17.50	3.00	49.98
29.60	29.90	24.50	17.60	2.90	50.00
29.70	29.90	24.60	17.80	2.60	49.93
29.80	29.90	24.60	18.30	2.70	49.99
29.90	30.10	24.50	17.60	2.90	49.94
30.00	30.10	24.50	18.10	2.40	49.95
30.10	30.00	24.50	18.30	2.90	49.95
30.20	30.00	24.50	18.30	2.90	49.95
30.30	30.10	24.50	17.90	3.30	49.95
30.40	30.10	24.50	18.60	2.40	49.93
30.50	29.90	24.40	18.60	2.40	49.98
30.60	29.90	24.40	19.00	2.90	49.94
30.70	30.00	24.40	19.00	2.90	49.94
30.80	30.00	24.40	19.30	3.00	49.94
30.90	30.10	24.60	19.30	2.70	49.96
31.00	30.10	24.60	19.50	2.90	49.94
31.10	30.10	24.50	19.50	2.90	49.92
31.20	30.10	24.50	19.30	2.60	49.98
31.30	30.00	24.50	19.60	2.40	50.00
31.40	30.00	24.50	19.60	2.40	49.95
31.50	30.10	24.60	20.30	2.60	49.95
31.60	30.10	24.60	20.10	2.90	49.92
31.70	30.10	24.50	20.70	2.90	49.89
31.80	30.10	24.50	20.70	2.90	49.94
31.90	30.00	24.40	20.70	2.90	49.92
32.00	30.00	24.40	20.90	2.70	49.88
32.10	30.10	24.40	18.90	2.90	49.93
32.20	30.10	24.40	22.10	2.30	49.93
32.30	30.20	24.50	21.00	2.40	49.94
32.40	30.20	24.50	21.20	3.00	49.96
32.50	30.00	24.50	21.20	3.00	49.95
32.60	30.00	24.50	21.90	3.00	49.98
32.70	30.10	24.50	21.80	2.70	49.96
32.80	30.10	24.50	22.40	2.90	50.01
32.90	30.10	24.60	22.30	2.70	49.98
33.00	30.10	24.60	22.30	2.70	49.99
33.10	30.10	24.40	23.30	2.60	49.98
33.20	30.10	24.40	23.30	2.60	49.99
33.30	30.00	24.50	22.90	2.70	49.98
33.40	30.00	24.50	22.60	2.90	49.98
33.50	30.10	24.50	22.60	2.90	49.96
33.60	30.10	24.50	22.90	2.70	49.96
33.70	30.40	24.60	23.00	2.70	49.94
33.80	30.40	24.60	23.20	2.70	49.93
33.90	30.30	24.60	23.50	2.70	49.94
34.00	30.30	24.60	23.90	2.70	49.92
34.10	30.30	24.60	23.90	2.70	49.92
34.20	30.30	24.60	23.80	2.90	49.93
34.30	30.30	24.50	24.30	3.00	49.92
34.40	30.30	24.50	24.40	2.60	49.92
34.50	30.20	24.50	24.40	2.60	49.91
34.60	30.20	24.50	24.40	2.60	49.96
34.70	30.30	24.50	24.70	2.90	49.96
34.80	30.30	24.50	24.70	2.40	49.94
34.90	30.40	24.50	24.70	2.90	49.93
35.00	30.40	24.50	24.90	2.90	49.92
35.10	30.30	24.50	25.20	2.70	49.93
35.20	30.30	24.50	25.20	2.70	49.94
35.30	30.40	24.60	25.30	2.60	49.95
35.40	30.40	24.60	24.70	2.90	49.99
35.50	30.30	24.40	25.80	2.40	49.93
35.60	30.30	24.40	25.50	2.40	49.98
35.70	30.30	24.40	25.60	2.90	49.99
35.80	30.30	24.50	25.60	2.90	49.94
35.90	30.40	24.50	25.60	2.90	49.94
36.00	30.40	24.50	26.30	2.70	49.98
36.10	30.50	24.60	26.40	2.70	49.93
36.20	30.50	24.60	26.30	2.70	49.92
36.30	30.40	24.50	26.30	2.60	49.92
36.40	30.40	24.50	26.70	2.90	49.96
36.50	30.40	24.50	27.00	2.70	49.94
36.60	30.40	24.50	27.00	2.90	49.92
36.70	30.50	24.60	27.20	2.70	49.92
36.80	30.50	24.60	27.80	2.30	49.92
36.90	30.50	24.60	27.60	2.40	49.89
37.00	30.50	24.60	27.60	2.40	49.89
37.10	30.20	24.30	27.60	2.40	49.86
37.20	30.20	24.30	27.60	2.60	49.88
37.30	30.40	24.60	29.20	2.70	49.89
37.40	30.40	24.60	27.90	3.00	49.86
37.50	30.40	24.60	28.30	2.60	49.87
37.60	30.40	24.60	28.30	2.90	49.86
37.70	30.40	24.60	28.30	2.90	49.82
37.80	30.50	24.50	28.90	2.60	49.86
37.90	30.50	24.50	28.70	2.70	49.85
38.00	30.30	24.50	28.90	2.90	49.87
38.10	30.30	24.50	29.00	3.30	49.92
38.20	30.40	24.40	29.00	3.30	49.95
38.30	30.40	24.40	29.20	2.60	49.98
38.40	30.50	24.60	29.20	2.60	50.07
38.50	30.50	24.60	29.80	2.90	50.12
38.60	30.50	24.60	29.80	2.90	50.18
38.70	30.50	24.60	29.80	2.60	50.18
38.80	30.60	24.70	30.10	2.90	50.15
38.90	30.60	24.70	30.30	2.70	50.15
39.00	30.40	24.70	30.60	2.70	50.11
39.10	30.40	24.70	30.60	2.90	50.10
39.20	30.40	24.50	30.60	2.90	50.08
39.30	30.40	24.50	30.40	2.70	50.00
39.40	30.50	24.60	30.90	2.40	49.96
39.50	30.50	24.60	31.00	2.60	49.94
39.60	30.40	24.40	31.50	2.30	49.92
39.70	30.40	24.40	31.50	2.30	49.89
39.80	30.50	24.60	31.50	2.40	49.88
39.90	30.50	24.60	31.50	2.70	49.89
40.00	30.50	24.50	31.90	2.70	49.87
40.10	30.50	24.50	31.60	2.70	49.83
40.20	30.40	24.40	31.80	2.70	49.85
40.30	30.40	24.40	32.30	3.00	49.81
40.40	30.50	24.60	32.40	3.00	49.81
40.50	30.50	24.60	32.40	3.00	49.82
40.60	30.50	24.60	32.90	2.60	49.82
40.70	30.50	24.50	32.70	2.70	49.82
40.80	30.50	24.50	32.70	2.40	49.80
40.90	30.50	24.50	32.70	2.40	49.80
41.00	30.50	24.50	33.00	2.60	49.82
41.10	30.50	24.60	33.00	2.60	49.86
41.20	30.50	24.60	33.30	2.70	49.93
41.30	30.60	24.50	32.90	3.00	50.01
41.40	30.60	24.50	32.90	3.00	50.07
41.50	30.60	24.70	34.10	2.40	50.10
41.60	30.60	24.70	33.80	3.30	50.10
41.70	30.50	24.50	33.90	2.40	50.08
41.80	30.50	24.50	33.60	2.70	50.07
41.90	30.40	24.50	34.30	3.00	50.04
42.00	30.40	24.50	34.90	3.00	50.02
42.10	30.60	24.50	34.90	3.00	50.00
42.20	30.60	24.50	34.60	2.60	49.98
42.30	30.60	24.60	34.60	2.60	50.00
42.40	30.60	24.60	34.60	2.60	49.98
42.50	30.50	24.60	34.70	2.70	49.93
42.60	30.50	24.60	35.30	2.60	49.93
42.70	30.60	24.60	35.00	2.90	49.89
42.80	30.60	24.60	35.60	3.20	49.91
42.90	30.60	24.70	35.60	3.20	49.82
43.00	30.60	24.70	35.50	2.90	49.81
43.10	30.60	24.40	35.80	2.30	49.78
43.20	30.60	24.40	36.30	2.90	49.81
43.30	30.50	24.60	36.40	2.90	49.83
43.40	30.50	24.60	35.90	3.00	49.87
43.50	30.70	24.60	36.60	2.70	49.94
43.60	30.70	24.60	36.60	2.70	50.00
43.70	30.60	24.60	36.90	3.50	50.06
43.80	30.60	24.60	36.90	3.50	50.10
43.90	30.70	24.60	36.90	2.90	50.08
44.00	30.70	24.60	37.00	2.60	50.10
44.10	30.60	24.60	37.20	2.70	50.06
44.20	30.60	24.60	37.20	2.70	50.06
44.30	30.60	24.60	37.20	2.70	50.02
44.40	30.60	24.60	37.50	2.40	50.00
44.50	30.50	24.50	37.60	2.90	49.94
44.60	30.50	24.50	37.80	2.60	49.95
44.70	30.60	24.60	37.90	2.60	49.91
44.80	30.60	24.60	37.90	2.10	49.85
44.90	30.70	24.60	37.90	2.10	49.85
45.00	30.70	24.60	37.90	2.10	49.83
45.10	30.50	24.50	38.60	2.60	49.82
45.20	30.50	24.50	38.60	2.90	49.78
45.30	30.60	24.60	38.90	2.60	49.78
45.40	30.60	24.60	39.60	2.90	49.73
45.50	30.60	24.50	39.30	2.60	49.83
45.60	30.60	24.50	39.30	2.40	49.92
45.70	30.50	24.60	39.00	2.70	50.08
45.80	30.50	24.60	39.60	2.70	50.07
45.90	30.60	24.50	39.60	2.40	50.11
46.00	30.60	24.50	39.50	2.60	50.10
46.10	30.60	24.70	39.50	2.60	47.24
46.20	30.60	24.70	39.50	2.60	48.73
46.30	30.50	24.50	39.50	2.90	48.27
46.40	30.50	24.50	39.20	2.90	48.18
46.50	30.40	24.60	39.30	2.60	48.47
46.60	30.40	24.60	39.00	2.70	46.67
46.70	30.10	24.50	39.00	2.70	41.61
46.80	30.10	24.50	39.20	2.60	19.10
46.90	29.90	24.50	39.00	2.90	12.56
47.00	29.90	24.50	39.00	2.30	9.77
47.10	29.80	24.50	39.20	3.00	7.58
47.20	29.80	24.50	39.80	2.90	5.93
47.30	29.70	24.60	39.00	2.40	4.83
47.40	29.70	24.60	39.00	2.40	3.99
47.50	29.50	24.60	39.00	3.20	3.26
47.60	29.50	24.60	39.00	3.20	2.83
47.70	29.50	24.60	39.20	2.40	2.40
47.80	29.50	24.60	39.30	2.90	2.02
47.90	29.10	24.60	39.30	2.90	1.73
48.00	29.10	24.60	39.30	3.00	1.52
48.10	28.90	24.50	39.30	3.20	1.31
48.20	28.90	24.50	39.30	3.20	1.23
48.30	29.00	24.70	39.00	3.00	0.97
48.40	29.00	24.70	39.20	2.60	0.86
48.50	28.80	24.50	39.00	2.70	0.76
48.60	28.80	24.50	38.90	2.40	0.70
48.70	28.90	24.50	38.90	2.40	0.56
48.80	28.90	24.50	38.90	2.40	0.54
48.90	28.50	24.50	39.20	2.30	0.45
49.00	28.50	24.50	39.20	2.90	0.40
49.10	28.60	24.50	39.30	2.70	0.40
49.20	28.60	24.50	39.00	2.70	0.32
49.30	28.50	24.60	39.20	3.00	0.28
49.40	28.40	24.40	39.30	2.40	0.31
49.50	28.40	24.40	39.20	2.70	0.25
49.60	28.40	24.40	38.90	2.90	0.25
49.70	28.30	24.40	39.60	2.60	0.21
49.80	28.30	24.40	38.90	2.60	0.25
49.90	28.30	24.60	38.90	2.60	0.25
50.00	28.30	24.60	38.90	2.60	0.20
50.10	28.20	24.60	39.00	2.90	0.25
50.20	28.20	24.60	38.90	2.90	0.18
50.30	28.20	24.60	39.00	3.00	0.18
50.40	28.20	24.60	39.20	2.90	0.11
50.50	28.10	24.60	39.20	2.90	0.13
50.60	28.00	24.50	39.00	2.70	0.17
50.70	28.00	24.50	38.90	2.60	0.17
50.80	28.00	24.50	39.00	2.90	0.11
50.90	28.00	24.50	39.20	2.90	0.09
51.00	28.10	24.60	39.20	2.90	0.11
51.10	28.10	24.60	38.90	2.70	0.11
51.20	28.00	24.60	39.00	3.20	0.05
51.30	28.00	24.60	39.00	3.20	0.05
51.40	28.00	24.70	39.20	3.00	0.05
51.50	28.00	24.70	39.00	2.90	0.09
51.60	27.90	24.60	39.50	2.90	0.04
51.70	27.90	24.60	39.20	2.40	0.07
51.80	27.90	24.60	39.00	3.00	0.07
51.90	27.90	24.60	39.30	2.70	0.05
52.00	28.10	24.70	39.30	2.70	0.02
52.10	28.10	24.70	39.00	2.60	0.04
52.20	27.90	24.50	38.70	2.40	0.02
52.30	27.90	24.50	39.30	2.70	0.05
52.40	27.70	24.60	39.30	2.70	0.04
52.50	27.70	24.60	39.00	2.90	0.04
52.60	27.90	24.70	39.00	2.90	-0.05
52.70	27.90	24.70	39.30	2.70	-0.04
52.80	27.90	24.60	38.90	2.90	-0.05
52.90	27.90	24.60	39.50	2.90	-0.09
53.00	27.80	24.50	39.50	2.90	-0.04
53.10	27.80	24.50	39.00	2.90	-0.05
53.20	27.70	24.60	39.20	3.20	-0.13
53.30	27.70	24.60	39.00	2.60	-0.05
53.40	27.70	24.60	39.00	2.60	-0.07
53.50	27.70	24.60	39.20	2.70	-0.05
53.60	27.80	24.60	38.90	2.40	0.00
53.70	27.80	24.60	38.70	2.60	0.00
53.80	27.60	24.60	39.00	2.90	0.00
53.90	27.60	24.60	39.00	2.90	0.00
54.00	27.60	24.60	39.20	2.60	0.00
54.10	27.60	24.60	39.00	0.40	0.00
54.20	27.60	24.60	39.00	2.90	0.00
54.30	27.60	24.40	38.90	2.40	0.00
54.40	27.60	24.40	38.90	2.70	0.00
54.50	27.50	24.60	39.00	2.90	0.00
54.60	27.50	24.60	38.70	2.60	0.00
54.70	27.70	24.60	39.20	2.90	0.00
54.80	27.70	24.60	38.90	2.70	0.00
54.90	27.70	24.60	39.20	2.60	0.00
55.00	27.60	24.60	39.20	2.60	0.00
55.10	27.60	24.60	39.20	2.60	0.00
55.20	27.50	24.60	38.90	2.90	0.00
55.30	27.40	24.50	38.60	2.60	0.00
55.40	27.40	24.50	38.90	2.90	0.00
55.50	27.50	24.60	39.00	2.90	0.00
55.60	27.50	24.60	38.60	2.30	0.00
55.70	27.50	24.70	38.40	2.60	0.00
55.80	27.50	24.70	38.60	2.90	0.00
55.90	27.50	24.60	39.00	2.70	0.00
56.00	27.50	24.60	38.90	2.70	0.00
56.10	27.50	24.50	38.60	2.40	0.00
56.20	27.50	24.50	38.60	2.40	0.00
56.30	27.40	24.50	38.60	2.40	0.00
56.40	27.40	24.50	39.20	1.20	0.00
56.50	27.40	24.60	39.00	3.90	0.00
56.60	27.40	24.60	39.00	2.60	0.00
56.70	27.40	24.50	39.00	3.00	0.00
56.80	27.40	24.50	39.00	2.70	0.00
56.90	27.40	24.60	38.10	2.70	0.00
57.00	27.40	24.60	38.70	2.60	0.00
57.10	27.40	24.60	38.40	2.70	0.00
57.20	27.30	24.60	38.70	2.90	0.00
57.30	27.30	24.60	39.00	2.40	0.00
57.40	27.50	24.60	39.00	2.40	0.00
57.50	27.50	24.60	39.00	2.40	0.00
57.60	27.20	24.60	39.50	2.60	0.00
57.70	27.20	24.60	38.70	2.60	0.00
57.80	27.20	24.50	39.00	2.70	0.00
57.90	27.20	24.50	39.00	2.60	0.00
58.00	27.40	24.70	39.00	2.60	0.00
58.10	27.40	24.70	39.00	2.60	0.00
58.20	27.20	24.60	38.60	2.70	0.00
58.30	27.20	24.60	39.00	3.00	0.00
58.40	27.20	24.60	39.00	2.70	0.00
58.50	27.20	24.60	39.00	2.60	0.00
58.60	27.30	24.70	39.00	3.00	0.00
58.70	27.30	24.70	39.00	3.00	0.00
58.80	27.30	24.70	39.60	2.40	0.00
58.90	27.30	24.70	38.90	3.20	0.00
59.00	27.20	24.70	38.90	3.00	0.00
59.10	27.20	24.70	38.90	2.60	0.00
59.20	27.30	24.70	38.90	2.60	0.00
59.30	27.30	24.70	39.50	3.00	0.00
59.40	27.10	24.50	38.60	2.70	0.00
59.50	27.10	24.50	38.60	2.70	0.00
59.60	27.10	24.50	38.90	2.70	0.00
59.70	27.20	24.50	39.00	2.60	0.00
59.80	27.20	24.50	38.90	2.60	0.00
59.90	27.10	24.60	39.00	2.70	0.00
60.00	27.10	24.60	39.00	2.70	0.00
60.10	27.00	24.50	39.00	2.70	0.00
60.20	27.20	24.60	39.00	2.70	0.00
60.30	27.20	24.60	39.30	3.00	0.00
60.40	27.30	24.70	38.70	3.50	0.00
60.50	27.30	24.70	38.70	3.50	0.00
60.60	27.10	24.60	39.20	2.70	0.00
60.70	27.10	24.60	39.30	2.90	0.00
60.80	27.10	24.60	39.00	2.40	0.00
60.90	27.10	24.60	38.70	3.00	0.00
61.00	27.10	24.60	38.90	2.40	0.00
61.10	27.10	24.60	38.60	3.00	0.00
61.20	27.00	24.50	38.60	3.00	0.00
61.30	26.90	24.60	39.00	2.70	0.00
61.40	26.90	24.60	39.00	2.70	0.00
61.50	27.00	24.60	38.90	2.60	0.00
61.60	27.00	24.60	39.00	2.70	0.00
61.70	27.00	24.70	38.90	2.60	0.00
61.80	27.00	24.70	38.90	2.60	0.00
61.90	27.10	24.70	39.00	2.90	0.00
62.00	27.10	24.70	39.20	2.60	0.00
62.10	27.00	24.50	38.90	3.80	0.00
62.20	27.00	24.50	38.90	2.30	0.00
62.30	27.00	24.70	38.90	2.40	0.00
62.40	27.00	24.70	38.70	2.40	0.00
62.50	27.00	24.70	39.00	2.70	0.00
62.60	27.00	24.70	39.00	2.70	0.00
62.70	27.00	24.70	39.00	2.70	0.00
62.80	26.90	24.50	39.00	2.60	0.00
62.90	26.90	24.50	38.40	2.90	0.00
63.00	27.00	24.60	38.90	2.40	0.00
63.10	27.00	24.60	39.00	2.60	0.00
63.20	27.00	24.70	39.00	2.60	0.00
63.30	27.00	24.70	39.20	3.00	0.00
63.40	27.00	24.70	39.30	2.90	0.00
63.50	27.20	24.70	39.00	3.00	0.00
63.60	27.20	24.70	39.50	1.90	0.00
63.70	27.10	24.60	39.00	2.90	0.00
63.80	27.10	24.60	38.60	2.70	0.00
63.90	26.90	24.60	38.60	2.70	0.00
64.00	26.90	24.60	38.70	2.90	0.00
64.10	26.90	24.60	38.70	2.90	0.00
64.20	26.90	24.60	39.00	2.90	0.00
64.30	26.90	24.50	39.00	2.70	0.00
64.40	26.90	24.50	38.70	2.70	0.00
64.50	27.00	24.60	39.20	3.00	0.00
64.60	27.00	24.60	37.50	2.70	0.00
64.70	27.00	24.60	39.00	2.70	0.00
64.80	26.80	24.60	38.90	2.90	0.00
64.90	26.80	24.70	39.20	2.90	0.00
65.00	26.80	24.70	38.70	2.90	0.00
65.10	26.80	24.50	38.70	2.90	0.00
65.20	26.80	24.50	38.70	3.20	0.00
65.30	26.90	24.70	38.70	3.20	0.00
65.40	26.90	24.70	39.00	2.40	0.00
65.50	26.90	24.60	38.40	2.70	0.00
65.60	26.90	24.60	38.40	2.70	0.00
65.70	26.90	24.70	38.90	3.00	0.00
65.80	26.90	24.70	39.00	2.60	0.00
65.90	26.80	24.50	38.90	2.60	0.00
66.00	26.80	24.50	39.90	2.60	0.00
66.10	26.90	24.60	38.60	2.60	0.00
66.20	26.90	24.60	39.00	3.00	0.00
66.30	26.90	24.70	39.00	3.00	0.00
66.40	26.90	24.70	37.60	3.00	0.00
66.50	27.00	24.70	37.60	3.00	0.00
66.60	27.00	24.70	39.30	2.60	0.00
66.70	26.80	24.60	38.40	3.00	0.00
66.80	26.90	24.70	39.20	2.90	0.00
66.90	26.90	24.70	39.30	2.60	0.00
67.00	26.90	24.70	39.20	2.70	0.00
67.10	26.70	24.70	38.90	2.90	0.00
67.20	26.80	24.60	38.90	3.00	0.00
67.30	26.80	24.60	38.60	2.60	0.00
67.40	26.80	24.60	38.90	2.70	0.00
67.50	26.80	24.70	38.90	2.60	0.00
67.60	26.80	24.70	38.90	2.60	0.00
67.70	26.90	24.70	38.90	2.60	0.00
67.80	26.90	24.70	38.70	3.00	0.00
67.90	26.80	24.60	38.70	2.60	0.00
68.00	26.80	24.60	39.00	3.20	0.00
68.10	26.80	24.70	39.20	3.00	0.00
68.20	26.80	24.70	38.60	2.70	0.00
68.30	26.90	24.70	38.60	2.70	0.00
68.40	26.90	24.70	39.00	3.30	0.00
68.50	26.70	24.60	38.90	2.60	0.00
68.60	26.70	24.60	38.70	2.40	0.00
68.70	26.90	24.80	38.90	2.90	0.00
68.80	26.90	24.80	36.90	2.70	0.00
68.90	26.80	24.70	36.90	2.70	0.00
69.00	26.80	24.70	36.90	2.70	0.00
69.10	26.80	24.70	38.90	2.70	0.00
69.20	26.80	24.70	39.20	2.70	0.00
69.30	26.70	24.60	38.70	2.90	0.00
69.40	26.70	24.60	38.90	2.30	0.00
69.50	26.80	24.70	38.90	2.30	0.00
69.60	26.80	24.70	38.70	2.90	0.00
69.70	26.80	24.60	38.40	2.70	0.00
69.80	26.80	24.60	38.70	3.00	0.00
69.90	26.70	24.60	38.90	2.30	0.00
70.00	26.70	24.60	39.00	3.20	0.00
70.10	26.80	24.80	39.00	2.90	0.00
70.20	26.80	24.80	39.00	2.90	0.00
70.30	26.50	24.50	39.00	2.90	0.00
70.40	26.50	24.50	38.90	2.40	0.00
70.50	26.60	24.60	38.70	3.00	0.00
70.60	26.60	24.60	39.00	3.00	0.00
70.70	26.70	24.70	39.00	3.00	0.00
70.80	26.70	24.70	38.70	2.90	0.00
70.90	26.70	24.70	39.00	2.60	0.00
71.00	26.70	24.70	38.60	2.60	0.00
71.10	26.70	24.70	38.90	2.40	0.00
71.20	26.70	24.70	39.30	2.90	0.00
71.30	26.70	24.70	38.90	2.70	0.00
71.40	26.70	24.70	38.90	2.70	0.00
71.50	26.70	24.70	38.90	2.70	0.00
71.60	26.60	24.50	39.00	2.60	0.00
71.70	26.60	24.50	39.00	2.90	0.00
71.80	26.70	24.70	39.00	3.20	0.00
71.90	26.70	24.70	38.40	3.00	0.00
72.00	26.70	24.70	38.70	2.90	0.00
72.10	26.70	24.70	39.60	2.60	0.00
72.20	26.50	24.50	39.60	2.60	0.00
72.30	26.50	24.50	38.90	2.60	0.00
72.40	26.80	24.80	39.80	2.60	0.00
72.50	26.80	24.80	39.80	2.60	0.00
72.60	26.60	24.60	39.00	2.70	0.00
72.70	26.60	24.60	38.70	2.70	0.00
72.80	26.60	24.70	38.70	2.70	0.00
72.90	26.60	24.70	38.70	2.70	0.00
73.00	26.60	24.70	38.70	2.70	0.00
73.10	26.60	24.70	39.00	2.60	0.00
73.20	26.60	24.60	39.00	2.40	0.00
73.30	26.60	24.60	39.20	3.20	0.00
73.40	26.70	24.70	39.20	3.20	0.00
73.50	26.70	24.70	39.00	2.90	0.00
73.60	26.60	24.70	38.90	2.40	0.00
73.70	26.60	24.70	39.00	2.70	0.00
73.80	26.60	24.60	39.30	2.70	0.00
73.90	26.60	24.60	38.70	2.60	0.00
74.00	26.60	24.70	39.00	0.90	0.00
74.10	26.60	24.70	39.00	0.90	0.00
74.20	26.60	24.60	39.00	0.90	0.00
74.30	26.50	24.70	38.90	2.60	0.00
74.40	26.50	24.70	38.90	2.70	0.00
74.50	26.70	24.80	38.90	2.70	0.00
74.60	26.70	24.80	39.30	2.90	0.00
74.70	26.70	24.80	38.90	2.30	0.00
74.80	26.70	24.80	39.00	2.70	0.00
74.90	26.60	24.70	39.00	2.70	0.00
75.00	26.60	24.70	38.70	2.40	0.00
75.10	26.50	24.60	38.70	2.70	0.00
75.20	26.50	24.60	38.70	2.70	0.00
75.30	26.50	24.80	38.70	2.60	0.00
75.40	26.50	24.80	39.00	2.40	0.00
75.50	26.60	24.60	38.90	3.00	0.00
75.60	26.60	24.80	38.90	3.00	0.00
75.70	26.60	24.80	38.90	3.00	0.00
75.80	26.50	24.70	39.20	2.60	0.00
75.90	26.50	24.70	39.00	2.90	0.00
76.00	26.50	24.70	38.60	2.90	0.00
76.10	26.50	24.60	38.70	2.70	0.00
76.20	26.50	24.60	38.70	2.70	0.00
76.30	26.50	24.60	38.90	2.70	0.00
76.40	26.50	24.60	38.70	2.40	0.00
76.50	26.50	24.60	38.70	2.40	0.00
76.60	26.50	24.70	38.70	2.70	0.00
76.70	26.50	24.70	39.00	3.20	0.00
76.80	26.40	24.60	39.00	3.20	0.00
76.90	26.40	24.60	38.70	3.00	0.00
77.00	26.50	24.60	38.70	3.00	0.00
77.10	26.50	24.60	38.70	2.70	0.00
77.20	26.40	24.60	38.70	2.70	0.00
77.30	26.40	24.60	38.70	2.70	0.00
77.40	26.50	24.60	38.90	3.00	0.00
77.50	26.50	24.60	39.20	2.90	0.00
77.60	26.50	24.80	38.70	2.70	0.00
77.70	26.50	24.80	38.90	2.40	0.00
77.80	26.60	24.60	38.90	3.00	0.00
77.90	26.60	24.60	38.90	3.00	0.00
78.00	26.40	24.60	38.60	2.30	0.00
78.10	26.40	24.60	39.50	2.70	0.00
78.20	26.50	24.80	38.70	3.00	0.00
78.30	26.50	24.80	38.70	3.00	0.00
78.40	26.40	24.60	38.70	3.00	0.00
78.50	26.40	24.60	38.90	2.70	0.00
78.60	26.50	24.60	38.90	2.70	0.00
78.70	26.50	24.60	39.00	3.20	0.00
78.80	26.40	24.70	38.90	3.90	0.00
78.90	26.40	24.70	39.00	3.20	0.00
79.00	26.50	24.70	38.70	2.70	0.00
79.10	26.50	24.70	38.60	2.90	0.00
79.20	26.50	24.70	38.60	2.90	0.00
79.30	26.50	24.70	39.00	2.90	0.00
79.40	26.50	24.70	38.70	2.70	0.00
79.50	26.50	24.70	39.20	3.20	0.00
79.60	26.50	24.60	39.20	3.20	0.00
79.70	26.50	24.60	39.20	3.20	0.00
79.80	26.50	24.60	39.00	3.20	0.00
79.90	26.30	24.60	38.90	2.40	0.00
80.00	26.30	24.60	38.60	2.40	0.00
80.10	26.40	24.70	38.60	2.40	0.00
80.20	26.40	24.70	38.70	3.00	0.00
80.30	26.40	24.70	38.90	2.60	0.00
80.40	26.50	24.70	38.70	2.60	0.00
80.50	26.50	24.70	38.70	2.60	0.00
80.60	26.50	24.60	39.20	2.70	0.00
80.70	26.50	24.60	38.90	2.60	0.00
80.80	26.30	24.70	38.90	2.60	0.00
80.90	26.30	24.70	39.00	2.90	0.00
81.00	26.30	24.80	39.00	2.90	0.00
81.10	26.40	24.80	38.70	2.70	0.00
81.20	26.40	24.80	39.00	2.70	0.00
81.30	26.40	24.80	39.20	2.30	0.00
81.40	26.40	24.70	39.20	2.30	0.00
81.50	26.40	24.80	39.00	3.00	0.00
81.60	26.40	24.80	38.60	2.40	0.00
81.70	26.50	24.70	39.30	2.70	0.00
81.80	26.50	24.70	37.00	3.00	0.00
81.90	26.30	24.60	38.60	2.90	0.00
82.00	26.30	24.60	38.70	2.40	0.00
82.10	26.40	24.60	38.70	2.40	0.00
82.20	26.40	24.60	38.90	2.60	0.00
82.30	26.40	24.60	38.90	2.60	0.00
82.40	26.40	24.60	39.00	2.10	0.00
82.50	26.40	24.60	39.00	2.10	0.00
82.60	26.40	24.60	38.90	3.00	0.00
82.70	26.30	24.80	38.90	2.60	0.00
82.80	26.30	24.80	39.00	2.90	0.00
82.90	26.40	24.70	39.00	2.90	0.00
83.00	26.40	24.70	38.90	2.90	0.00
83.10	26.20	24.60	38.90	2.90	0.00
83.20	26.20	24.60	38.90	2.70	0.00
83.30	26.30	24.70	38.40	2.70	0.00
83.40	26.30	24.70	39.20	2.60	0.00
83.50	26.30	24.60	39.20	2.60	0.00
83.60	26.30	24.60	38.90	2.60	0.00
83.70	26.30	24.70	38.90	2.60	0.00
83.80	26.30	24.70	39.00	2.70	0.00
83.90	26.30	24.60	38.90	2.70	0.00
84.00	26.30	24.60	39.00	2.90	0.00
84.10	26.20	24.70	38.90	2.90	0.00
84.20	26.20	24.70	38.90	3.20	0.00
84.30	26.40	24.60	39.00	2.30	0.00
84.40	26.40	24.60	39.00	2.30	0.00
84.50	26.30	24.60	38.70	2.90	0.00
84.60	26.30	24.60	38.70	2.70	0.00
84.70	26.30	24.70	38.70	2.10	0.00
84.80	26.30	24.70	38.90	2.40	0.00
84.90	26.40	24.80	38.90	2.40	0.00
85.00	26.40	24.80	38.90	2.40	0.00
85.10	26.30	24.70	39.00	2.40	0.00
85.20	26.30	24.70	39.00	2.90	0.00
85.30	26.40	24.70	39.00	2.90	0.00
85.40	26.40	24.70	38.70	2.90	0.00
85.50	26.50	24.80	38.90	1.50	0.00
85.60	26.50	24.80	38.90	3.00	0.00
85.70	26.40	24.70	38.90	2.60	0.00
85.80	26.40	24.70	39.20	2.60	0.00
85.90	26.30	24.70	39.20	2.60	0.00
86.00	26.30	24.70	39.20	2.60	0.00
86.10	26.30	24.80	38.90	2.90	0.00
86.20	26.30	24.80	38.40	2.70	0.00
86.30	26.40	24.60	38.40	2.70	0.00
86.40	26.40	24.60	38.40	2.70	0.00
86.50	26.40	24.70	38.70	3.20	0.00
86.60	26.40	24.70	38.90	2.70	0.00
86.70	26.40	24.80	38.70	3.20	0.00
86.80	26.40	24.80	38.70	3.20	0.00
86.90	26.30	24.60	38.70	3.30	0.00
87.00	26.30	24.60	38.70	2.60	0.00
87.10	26.30	24.70	38.60	2.90	0.00
87.20	26.30	24.70	38.40	3.00	0.00
87.30	26.40	24.70	39.00	2.90	0.00
87.40	26.40	24.70	39.20	2.40	0.00
87.50	26.30	24.70	38.70	2.90	0.00
87.60	26.30	24.70	38.70	2.90	0.00
87.70	26.30	24.60	38.70	2.90	0.00
87.80	26.30	24.60	39.00	3.00	0.00
87.90	26.40	24.60	38.90	2.30	0.00
88.00	26.40	24.60	39.00	2.90	0.00
88.10	26.20	24.70	38.70	3.00	0.00
88.20	26.20	24.70	38.70	3.00	0.00
88.30	26.20	24.70	39.00	2.70	0.00
88.40	26.40	24.70	39.00	3.30	0.00
88.50	26.40	24.70	38.90	2.60	0.00
88.60	26.20	24.70	38.60	2.30	0.00
88.70	26.30	24.80	38.70	2.70	0.00
88.80	26.30	24.80	38.90	3.20	0.00
88.90	26.30	24.70	38.90	3.20	0.00
89.00	26.30	24.70	38.70	3.20	0.00
89.10	26.30	24.70	38.70	3.20	0.00
89.20	26.30	24.70	38.70	2.70	0.00
89.30	26.30	24.60	38.70	2.90	0.00
89.40	26.30	24.60	39.00	2.60	0.00
89.50	26.30	24.80	39.30	3.00	0.00
89.60	26.30	24.80	38.60	2.60	0.00
89.70	26.30	24.80	39.20	2.90	0.00
89.80	26.20	24.70	39.00	2.70	0.00
89.90	26.20	24.70	39.30	3.20	0.00
90.00	26.20	24.70	38.10	3.20	0.00
90.10	26.30	24.70	38.10	3.20	0.00
90.20	26.30	24.70	38.10	3.20	0.00
90.30	26.30	24.80	39.20	3.50	0.00
90.40	26.30	24.80	38.60	2.90	0.00
90.50	26.30	24.80	38.40	2.90	0.00
90.60	26.30	24.70	38.60	3.00	0.00
90.70	26.30	24.70	38.90	2.70	0.00
90.80	26.30	24.70	39.00	2.90	0.00
90.90	26.30	24.70	39.00	2.90	0.00
91.00	26.30	24.70	39.00	2.60	0.00
91.10	26.30	24.70	38.70	2.70	0.00
91.20	26.10	24.60	38.70	2.90	0.00
91.30	26.10	24.60	38.70	2.90	0.00
91.40	26.30	24.80	38.70	2.90	0.00
91.50	26.30	24.80	38.90	2.60	0.00
91.60	26.30	24.80	38.40	2.90	0.00
91.70	26.30	24.80	38.40	2.70	0.00
91.80	26.30	24.80	38.90	3.00	0.00
91.90	26.30	24.80	38.90	2.90	0.00
92.00	26.20	24.60	38.90	2.90	0.00
92.10	26.20	24.60	39.00	2.90	0.00
92.20	26.30	24.70	38.70	2.40	0.00
92.30	26.30	24.70	38.90	2.60	0.00
92.40	26.10	24.60	38.90	2.60	0.00
92.50	26.10	24.60	37.50	2.70	0.00
92.60	26.30	24.70	37.50	2.70	0.00
92.70	26.30	24.70	37.50	2.70	0.00
92.80	26.20	24.60	38.90	3.00	0.00
92.90	26.20	24.60	39.00	2.90	0.00
93.00	26.30	24.70	38.70	2.70	0.00
93.10	26.30	24.70	39.00	2.40	0.00
93.20	26.20	24.70	39.00	2.40	0.00
93.30	26.20	24.70	39.00	3.30	0.00
93.40	26.20	24.60	39.30	3.00	0.00
93.50	26.30	24.80	38.70	3.00	0.00
93.60	26.30	24.80	38.90	2.60	0.00
93.70	26.30	24.70	38.60	3.20	0.00
93.80	26.30	24.70	39.00	2.60	0.00
93.90	26.30	24.70	39.00	2.60	0.00
94.00	26.30	24.80	38.90	3.20	0.00
94.10	26.30	24.80	39.00	2.70	0.00
94.20	26.20	24.70	39.00	2.70	0.00
94.30	26.20	24.70	39.00	2.90	0.00
94.40	26.20	24.70	38.60	3.00	0.00
94.50	26.20	24.70	39.20	2.70	0.00
94.60	26.10	24.60	39.20	2.90	0.00
94.70	26.10	24.60	39.00	3.00	0.00
94.80	26.30	24.90	39.00	2.70	0.00
94.90	26.30	24.90	39.00	2.70	0.00
95.00	26.30	24.70	39.20	2.70	0.00
95.10	26.30	24.70	38.90	2.60	0.00
95.20	26.10	24.70	38.90	2.60	0.00
95.30	26.10	24.70	38.90	2.60	0.00
95.40	26.10	24.60	37.30	2.70	0.00
95.50	26.10	24.60	38.90	2.60	0.00
95.60	26.20	24.80	38.70	3.20	0.00
95.70	26.20	24.80	38.90	2.90	0.00
95.80	26.20	24.70	38.90	2.90	0.00
95.90	26.20	24.70	39.30	2.60	0.00
96.00	26.10	24.60	39.00	2.60	0.00
96.10	26.10	24.60	38.60	2.60	0.00
96.20	26.30	24.70	38.60	2.60	0.00
96.30	26.30	24.70	38.90	2.40	0.00
96.40	26.20	24.70	39.30	2.70	0.00
96.50	26.20	24.70	38.70	2.70	0.00
96.60	26.20	24.70	38.70	2.70	0.00
96.70	26.20	24.70	38.70	2.40	0.00
96.80	26.30	24.70	38.70	2.40	0.00
96.90	26.20	24.80	39.00	2.60	0.00
97.00	26.20	24.80	39.00	2.70	0.00
97.10	26.20	24.60	39.00	3.00	0.00
97.20	26.20	24.60	38.90	2.90	0.00
97.30	26.20	24.80	38.70	2.70	0.00
97.40	26.20	24.80	38.70	2.70	0.00
97.50	26.10	24.70	38.70	2.90	0.00
97.60	26.10	24.70	38.90	2.90	0.00
97.70	26.20	24.70	38.70	2.40	0.00
97.80	26.20	24.70	38.40	2.90	0.00
97.90	26.20	24.70	38.40	2.90	0.00
98.00	26.20	24.70	38.40	2.90	0.00
98.10	26.20	24.70	38.70	3.00	0.00
98.20	26.20	24.70	39.00	3.20	0.00
98.30	26.20	24.70	39.00	2.90	0.00
98.40	26.20	24.60	39.00	2.90	0.00
98.50	26.20	24.60	38.60	3.00	0.00
98.60	26.20	24.70	39.00	2.90	0.00
98.70	26.20	24.70	38.90	3.20	0.00
98.80	26.20	24.60	38.70	2.70	0.00
98.90	26.20	24.60	38.90	2.90	0.00
99.00	26.20	24.70	39.00	2.60	0.00
99.10	26.20	24.70	39.00	2.60	0.00
99.20	26.30	24.70	38.70	3.80	0.00
99.30	26.30	24.70	38.70	3.80	0.00
99.40	26.10	24.80	38.90	2.70	0.00
99.50	26.10	24.80	38.90	2.70	0.00
99.60	26.00	24.70	38.90	2.40	0.00
99.70	26.00	24.70	38.70	2.60	0.00
99.80	26.10	24.70	38.70	2.60	0.00
99.90	26.10	24.70	38.90	2.30	0.00
100.00	26.10	24.70	38.70	2.70	0.00
100.10	26.10	24.70	38.60	2.60	0.00
100.20	26.20	24.70	38.60	2.60	0.00
100.30	26.20	24.70	39.00	2.90	0.00
100.40	26.20	24.70	39.00	3.00	0.00
100.50	26.20	24.70	39.30	2.40	0.00
100.60	26.20	24.80	38.90	2.90	0.00
100.70	26.20	24.80	38.90	2.90	0.00
100.80	26.20	24.80	38.90	2.90	0.00
100.90	26.20	24.80	38.60	2.70	0.00
101.00	26.20	24.70	38.90	2.70	0.00
101.10	26.20	24.70	39.20	2.70	0.00
101.20	26.20	24.70	39.00	2.70	0.00
101.30	26.20	24.70	39.00	2.70	0.00
101.40	26.20	24.70	38.90	2.70	0.00
101.50	26.20	24.80	39.30	2.90	0.00
101.60	26.20	24.80	38.90	2.60	0.00
101.70	26.20	24.80	38.90	2.40	0.00
101.80	26.20	24.80	39.00	2.30	0.00
101.90	26.10	24.70	39.00	2.30	0.00
102.00	26.10	24.70	39.00	2.30	0.00
102.10	26.20	24.60	38.70	2.60	0.00
102.20	26.20	24.60	38.70	2.60	0.00
102.30	26.20	24.70	39.20	2.60	0.00
102.40	26.20	24.70	39.00	2.40	0.00
102.50	26.20	24.70	38.90	3.00	0.00
102.60	26.20	24.70	38.70	2.90	0.00
102.70	26.00	24.60	38.90	3.00	0.00
102.80	26.00	24.60	38.60	3.00	0.00
102.90	26.20	24.70	38.60	3.00	0.00
103.00	26.20	24.80	38.60	2.70	0.00
103.10	26.20	24.80	38.70	3.00	0.00
103.20	26.30	24.70	38.70	3.00	0.00
103.30	26.20	24.70	38.70	3.00	0.00
103.40	26.20	24.70	38.90	3.00	0.00
103.50	26.20	24.70	38.90	2.90	0.00
103.60	26.20	24.80	38.70	2.60	0.00
103.70	26.20	24.80	38.70	2.60	0.00
103.80	26.20	24.90	38.90	2.40	0.00
103.90	26.20	24.90	38.70	3.00	0.00
104.00	26.10	24.80	38.90	2.40	0.00
104.10	26.10	24.80	38.90	2.70	0.00
104.20	26.10	24.70	38.90	2.60	0.00
104.30	26.10	24.70	38.90	2.60	0.00
104.40	26.20	24.80	38.40	3.00	0.00
104.50	26.20	24.80	39.00	3.20	0.00
104.60	26.10	24.80	39.00	3.20	0.00
104.70	26.10	24.80	39.00	3.20	0.00
104.80	26.10	24.70	39.20	2.90	0.00
104.90	26.10	24.70	38.70	2.90	0.00
105.00	26.30	24.80	38.70	2.90	0.00
105.10	26.30	24.80	38.90	2.90	0.00
105.20	26.00	24.60	38.90	3.20	0.00
105.30	26.00	24.60	38.70	2.70	0.00
105.40	26.10	24.90	39.20	2.60	0.00
105.50	26.10	24.80	39.20	2.60	0.00
105.60	26.10	24.80	39.20	2.40	0.00
105.70	26.10	24.60	38.70	2.90	0.00
105.80	26.10	24.60	38.60	3.00	0.00
105.90	26.20	24.80	38.90	3.50	0.00
106.00	26.20	24.80	38.90	3.50	0.00
106.10	26.20	24.90	38.90	3.50	0.00
106.20	26.20	24.90	38.90	3.50	0.00
106.30	26.10	24.70	38.70	2.90	0.00
106.40	26.10	24.70	38.70	2.90	0.00
106.50	26.20	24.80	39.00	2.70	0.00
106.60	26.20	24.80	39.00	2.90	0.00
106.70	26.20	24.80	39.20	2.70	0.00
106.80	26.20	24.80	39.20	2.70	0.00
106.90	26.10	24.80	38.70	2.90	0.00
107.00	26.10	24.60	38.90	3.00	0.00
107.10	26.10	24.60	38.40	2.60	0.00
107.20	26.10	24.80	38.60	2.60	0.00
107.30	26.10	24.80	39.00	3.00	0.00
107.40	26.10	24.80	39.00	3.00	0.00
107.50	26.10	24.80	39.00	3.00	0.00
107.60	26.10	24.70	39.00	2.70	0.00
107.70	26.10	24.70	38.90	2.90	0.00
107.80	26.10	24.70	38.90	2.40	0.00
107.90	26.20	24.80	38.70	2.70	0.00
108.00	26.20	24.80	38.70	2.70	0.00
108.10	26.10	24.70	38.70	2.70	0.00
108.20	26.10	24.70	38.70	2.60	0.00
108.30	26.10	24.70	39.00	2.70	0.00
108.40	26.10	24.70	38.70	2.70	0.00
108.50	26.20	24.90	39.00	3.00	0.00
108.60	26.10	24.70	39.00	2.90	0.00
108.70	26.10	24.70	39.00	2.90	0.00
108.80	26.00	24.60	39.00	2.90	0.00
108.90	26.00	24.60	39.00	2.90	0.00
109.00	26.00	24.60	38.90	2.70	0.00
109.10	26.00	24.60	38.70	2.90	0.00
109.20	26.10	24.60	38.70	2.90	0.00
109.30	26.10	24.60	38.70	2.90	0.00
109.40	26.30	24.70	38.40	2.60	0.00
109.50	26.30	24.70	38.90	2.60	0.00
109.60	26.00	24.60	39.00	2.60	0.00
109.70	26.00	24.60	39.00	2.60	0.00
109.80	26.00	24.60	38.70	2.70	0.00
109.90	26.00	24.70	38.70	2.60	0.00
110.00	26.00	24.70	38.70	2.60	0.00
110.10	26.00	24.60	38.70	2.60	0.00
110.20	26.00	24.60	38.90	2.60	0.00
110.30	26.10	24.70	39.00	2.60	0.00
110.40	26.10	24.70	39.00	2.60	0.00
110.50	26.20	24.70	38.90	2.70	0.00
110.60	26.20	24.70	38.60	2.60	0.00
110.70	26.10	24.60	39.00	2.70	0.00
110.80	26.10	24.60	39.00	2.60	0.00
110.90	26.10	24.60	38.10	3.20	0.00
111.00	26.10	24.60	38.60	2.90	0.00
111.10	26.10	24.70	39.00	2.90	0.00
111.20	26.10	24.70	39.00	2.70	0.00
111.30	26.10	24.70	39.00	2.70	0.00
111.40	26.10	24.70	39.00	2.70	0.00
111.50	26.10	24.60	38.90	2.40	0.00
111.60	25.90	24.60	38.60	2.90	0.00
111.70	25.90	24.60	38.90	2.90	0.00
111.80	26.10	24.70	38.70	3.20	0.00
111.90	26.10	24.70	39.00	3.00	0.00
112.00	26.10	24.60	39.00	2.60	0.00
112.10	26.10	24.60	39.00	2.60	0.00
112.20	26.00	24.60	38.90	2.70	0.00
112.30	26.00	24.60	38.70	3.00	0.00
112.40	26.00	24.70	38.70	2.90	0.00
112.50	26.00	24.70	38.90	2.90	0.00
112.60	26.10	24.70	38.90	2.90	0.00
112.70	26.00	24.80	38.60	2.60	0.00
112.80	26.00	24.80	38.60	2.60	0.00
112.90	26.10	24.80	38.70	2.60	0.00
113.00	26.10	24.80	38.90	3.00	0.00
113.10	26.00	24.70	38.90	3.00	0.00
113.20	26.00	24.70	38.90	3.20	0.00
113.30	26.00	24.80	39.00	2.70	0.00
113.40	26.00	24.80	38.70	2.90	0.00
113.50	26.00	24.60	39.20	3.00	0.00
113.60	26.00	24.80	39.20	3.00	0.00
113.70	26.00	24.80	38.90	2.60	0.00
113.80	26.10	24.80	39.00	2.60	0.00
113.90	26.10	24.80	39.00	3.20	0.00
114.00	26.10	24.80	39.00	3.20	0.00
114.10	26.10	24.80	39.00	3.20	0.00
114.20	26.00	24.70	39.00	3.00	0.00
114.30	26.10	24.70	38.60	2.90	0.00
114.40	26.10	24.70	38.90	3.30	0.00
114.50	26.10	24.80	39.00	2.40	0.00
114.60	26.10	24.80	38.60	2.70	0.00
114.70	26.00	24.80	39.00	2.40	0.00
114.80	26.00	24.80	39.00	2.40	0.00
114.90	26.20	24.70	38.60	2.60	0.00
115.00	26.20	24.70	38.70	2.70	0.00
115.10	26.00	24.80	38.70	2.70	0.00
115.20	26.00	24.80	38.90	2.70	0.00
115.30	26.10	24.70	38.90	2.70	0.00
115.40	26.10	24.70	38.90	2.70	0.00
115.50	26.10	24.70	38.70	2.70	0.00
115.60	26.00	24.70	38.90	2.60	0.00
115.70	26.00	24.70	38.90	2.70	0.00
115.80	26.00	24.80	38.40	3.20	0.00
115.90	25.90	24.80	38.70	2.40	0.00
116.00	25.90	24.80	38.70	2.60	0.00
116.10	25.90	24.70	39.00	2.70	0.00
116.20	25.90	24.70	38.40	2.90	0.00
116.30	26.00	24.70	38.90	2.70	0.00
116.40	26.00	24.70	39.00	2.60	0.00
116.50	26.20	24.70	39.00	2.60	0.00
116.60	26.20	24.70	39.00	3.00	0.00
116.70	26.00	24.70	38.90	2.40	0.00
116.80	26.00	24.70	38.70	2.90	0.00
116.90	26.10	24.70	38.60	2.60	0.00
117.00	26.10	24.70	38.90	2.60	0.00
117.10	26.00	24.70	38.70	2.90	0.00
117.20	26.00	24.70	38.90	3.00	0.00
117.30	26.20	24.80	38.70	2.70	0.00
117.40	26.20	24.80	38.70	2.70	0.00
117.50	26.00	24.60	38.90	2.40	0.00
117.60	26.00	24.60	38.90	2.30	0.00
117.70	26.10	24.80	38.90	2.30	0.00
117.80	26.10	24.80	39.20	2.70	0.00
117.90	26.10	24.80	38.90	2.70	0.00
118.00	26.10	24.80	38.70	3.00	0.00
118.10	26.00	24.70	39.00	3.20	0.00
118.20	26.00	24.70	38.70	2.40	0.00
118.30	26.20	24.80	38.70	2.40	0.00
118.40	26.20	24.80	38.90	3.00	0.00
118.50	26.10	24.80	38.90	3.00	0.00
118.60	25.90	24.70	38.70	3.60	0.00
118.70	25.90	24.70	38.90	2.70	0.00
118.80	26.10	24.70	39.00	2.70	0.00
118.90	26.10	24.70	39.00	2.70	0.00
119.00	26.20	24.70	39.00	2.90	0.00
119.10	26.20	24.70	38.60	2.40	0.00
119.20	26.00	24.70	38.60	2.40	0.00
119.30	26.00	24.70	39.00	2.60	0.00
119.40	26.10	24.80	39.00	2.70	0.00
119.50	26.10	24.80	39.20	2.60	0.00
119.60	26.10	24.80	38.70	2.90	0.00
119.70	26.10	24.80	38.90	2.70	0.00
119.80	26.10	24.80	38.70	2.90	0.00
119.90	26.10	24.80	39.00	2.90	0.00
120.00	26.10	24.80	39.00	2.70	0.00
120.10	26.20	24.70	39.00	2.70	0.00
120.20	26.20	24.70	39.00	2.70	0.00
120.30	26.00	24.70	38.70	2.60	0.00
120.40	26.00	24.70	38.90	2.60	0.00
120.50	26.00	24.80	38.60	2.70	0.00
120.60	26.00	24.80	38.60	2.70	0.00
120.70	26.10	24.70	38.90	2.90	0.00
120.80	26.10	24.70	39.00	2.70	0.00
120.90	26.00	24.50	39.00	2.70	0.00
121.00	26.10	24.90	39.00	2.90	0.00
121.10	26.10	24.90	38.90	3.20	0.00
121.20	26.10	24.90	38.70	2.70	0.00
121.30	25.90	24.70	38.70	2.90	0.00
121.40	25.90	24.70	38.70	2.90	0.00
121.50	26.00	24.70	38.70	2.90	0.00
121.60	26.00	24.70	39.00	2.70	0.00
121.70	26.00	24.70	39.00	2.70	0.00
121.80	26.00	24.70	38.90	3.00	0.00
121.90	26.00	24.80	39.00	2.90	0.00
122.00	26.00	24.80	38.60	2.90	0.00
122.10	26.00	24.80	38.90	2.40	0.00
122.20	26.00	24.60	39.50	3.60	0.00
122.30	26.00	24.60	38.70	2.90	0.00
122.40	26.10	24.80	38.70	2.90	0.00
122.50	26.10	24.80	39.20	3.60	0.00
122.60	25.80	24.60	39.00	3.20	0.00
122.70	25.80	24.60	39.00	3.20	0.00
122.80	26.00	24.70	38.90	2.70	0.00
122.90	26.00	24.70	38.90	2.70	0.00
123.00	26.10	24.70	37.60	3.00	0.00
123.10	26.10	24.70	39.00	3.00	0.00
123.20	26.00	24.80	39.00	3.00	0.00
123.30	26.00	24.80	38.70	2.70	0.00
123.40	26.00	24.70	38.90	3.30	0.00
123.50	26.00	24.70	38.90	3.30	0.00
123.60	26.00	24.70	38.60	2.90	0.00
123.70	26.00	24.70	38.90	2.60	0.00
123.80	26.00	24.70	38.90	3.00	0.00
123.90	26.00	24.70	38.70	2.60	0.00
124.00	26.00	24.80	38.40	2.60	0.00
124.10	26.00	24.80	38.90	2.60	0.00
124.20	26.00	24.60	38.90	2.60	0.00
124.30	26.00	24.60	39.00	3.00	0.00
124.40	25.90	24.70	39.00	2.60	0.00
124.50	25.90	24.70	38.90	2.70	0.00
124.60	25.90	24.70	38.90	2.70	0.00
124.70	26.00	24.80	38.70	2.60	0.00
124.80	26.00	24.80	39.00	0.70	0.00
124.90	25.90	24.70	39.20	2.70	0.00
125.00	25.90	24.70	38.90	2.60	0.00
125.10	26.10	24.80	38.70	2.90	0.00
125.20	26.10	24.80	38.90	3.20	0.00
125.30	26.10	24.70	39.00	2.90	0.00
125.40	26.00	24.80	39.00	2.90	0.00
125.50	26.00	24.80	39.00	2.90	0.00
125.60	26.00	24.80	38.60	2.70	0.00
125.70	26.00	24.70	38.60	2.90	0.00
125.80	26.00	24.70	39.00	2.90	0.00
125.90	26.10	24.80	39.00	2.90	0.00
126.00	26.10	24.80	39.00	2.90	0.00
126.10	26.10	24.90	39.20	2.60	0.00
126.20	26.10	24.90	38.90	2.90	0.00
126.30	26.00	24.80	36.70	3.30	0.00
126.40	26.00	24.80	36.70	3.30	0.00
126.50	26.10	24.80	38.70	2.90	0.00
126.60	26.10	24.80	38.70	2.60	0.00
126.70	26.10	24.80	38.90	2.90	0.00
126.80	26.00	24.80	38.90	2.90	0.00
126.90	26.00	24.80	38.60	2.70	0.00
127.00	26.10	24.90	38.60	2.70	0.00
127.10	26.10	24.90	39.00	1.30	0.00
127.20	26.20	24.80	38.70	2.60	0.00
127.30	26.20	24.80	38.90	2.90	0.00
127.40	26.00	24.70	38.90	2.90	0.00
127.50	26.00	24.70	39.20	2.60	0.00
127.60	26.10	24.80	38.70	2.60	0.00
127.70	26.10	24.80	38.70	2.40	0.00
127.80	26.00	24.80	38.90	2.40	0.00
127.90	26.00	24.80	38.90	2.40	0.00
128.00	25.90	24.70	38.90	2.90	0.00
128.10	25.90	24.70	39.30	2.40	0.00
128.20	25.90	24.70	39.30	2.40	0.00
128.30	25.90	24.70	39.30	2.40	0.00
128.40	26.00	24.80	39.00	2.60	0.00
128.50	26.00	24.80	38.70	2.70	0.00
128.60	26.10	24.80	39.00	2.70	0.00
128.70	26.10	24.80	39.00	2.90	0.00
128.80	26.10	24.80	39.00	2.90	0.00
128.90	26.10	24.80	38.90	3.00	0.00
129.00	26.20	24.80	38.70	3.00	0.00
129.10	26.20	24.80	39.00	2.60	0.00
129.20	26.00	24.70	38.70	2.60	0.00
129.30	26.00	24.70	37.30	2.70	0.00
129.40	26.00	24.80	37.30	2.70	0.00
129.50	26.00	24.80	38.90	3.00	0.00
129.60	26.10	24.90	38.90	3.00	0.00
129.70	26.10	24.90	38.90	3.00	0.00
129.80	26.10	24.70	38.90	2.90	0.00
129.90	26.10	24.70	38.90	3.00	0.00
130.00	26.10	24.70	39.20	2.90	0.00
130.10	26.10	24.70	38.70	2.40	0.00
130.20	26.00	24.70	38.70	2.40	0.00
130.30	26.00	24.70	38.40	2.70	0.00
130.40	26.00	24.80	38.70	3.20	0.00
130.50	26.00	24.80	38.70	3.20	0.00
130.60	26.00	24.80	38.70	2.40	0.00
130.70	26.00	24.80	39.00	2.60	0.00
130.80	25.90	24.70	38.90	2.90	0.00
130.90	25.90	24.70	36.90	3.00	0.00
131.00	25.90	24.70	36.90	3.00	0.00
131.10	25.90	24.70	36.90	3.00	0.00
131.20	26.00	24.70	39.00	2.60	0.00
131.30	26.00	24.70	38.70	2.60	0.00
131.40	26.10	24.80	39.00	2.70	0.00
131.50	26.10	24.80	39.00	2.70	0.00
131.60	26.00	24.70	38.60	3.20	0.00
131.70	26.00	24.70	39.20	2.90	0.00
131.80	26.10	24.80	39.20	2.90	0.00
131.90	26.10	24.80	38.40	2.70	0.00
132.00	26.00	24.80	38.70	2.40	0.00
132.10	26.00	24.80	38.70	2.40	0.00
132.20	26.00	24.80	38.70	2.70	0.00
132.30	26.00	24.80	38.90	2.70	0.00
132.40	26.20	24.90	38.40	2.90	0.00
132.50	26.20	24.90	38.40	2.90	0.00
132.60	25.90	24.60	38.40	2.90	0.00
132.70	25.90	24.60	39.00	2.90	0.00
132.80	26.00	24.90	38.70	2.40	0.00
132.90	26.00	24.90	38.60	3.20	0.00
133.00	25.90	24.80	38.60	3.20	0.00
133.10	25.90	24.80	38.70	2.70	0.00
133.20	25.90	24.80	39.00	2.90	0.00
133.30	25.90	24.80	39.00	2.90	0.00
133.40	26.00	24.70	38.90	3.20	0.00
133.50	26.00	24.70	39.00	2.40	0.00
133.60	26.00	24.80	39.30	2.90	0.00
133.70	26.00	24.80	39.30	2.90	0.00
133.80	25.90	24.70	38.90	3.00	0.00
133.90	25.90	24.70	39.00	2.90	0.00
134.00	26.10	24.80	39.00	2.90	0.00
134.10	26.10	24.80	39.00	2.90	0.00
134.20	26.00	24.70	38.90	2.70	0.00
134.30	26.00	24.70	39.00	2.90	0.00
134.40	26.10	24.80	39.00	2.90	0.00
134.50	26.10	24.80	39.20	3.00	0.00
134.60	26.10	24.80	38.90	3.30	0.00
134.70	26.10	24.80	39.00	2.70	0.00
134.80	25.90	24.70	38.90	2.40	0.00
134.90	25.90	24.70	38.70	2.40	0.00
135.00	26.10	24.80	38.70	2.40	0.00
135.10	26.10	24.80	38.70	2.90	0.00
135.20	26.00	24.90	38.10	2.40	0.00
135.30	26.00	24.90	39.00	2.40	0.00
135.40	26.10	24.80	39.00	2.40	0.00
135.50	26.10	24.80	39.00	2.40	0.00
135.60	25.90	24.80	39.00	2.90	0.00
135.70	25.90	24.80	39.20	2.40	0.00
135.80	26.10	24.90	39.00	2.30	0.00
135.90	26.10	24.90	39.00	2.90	0.00
136.00	26.00	24.90	39.00	2.90	0.00
136.10	26.00	24.90	38.70	3.20	0.00
136.20	26.20	24.90	38.70	3.20	0.00
136.30	26.20	24.90	38.90	2.40	0.00
136.40	26.30	25.00	38.90	3.20	0.00
136.50	26.30	25.00	38.90	2.40	0.00
136.60	26.10	24.80	38.90	2.40	0.00
136.70	26.10	24.80	38.70	2.30	0.00
136.80	26.10	24.80	38.70	2.30	0.00
136.90	26.10	24.80	38.70	2.60	0.00
137.00	26.10	24.90	38.60	2.70	0.00
137.10	26.10	24.90	39.20	2.70	0.00
137.20	26.00	24.90	39.20	2.70	0.00
137.30	26.00	24.90	38.30	2.90	0.00
137.40	26.00	24.80	38.70	3.20	0.00
137.50	26.00	24.80	38.60	2.40	0.00
137.60	26.00	24.70	38.70	2.70	0.00
137.70	26.00	24.70	38.70	2.70	0.00
137.80	26.10	24.80	39.30	2.60	0.00
137.90	26.10	24.80	38.60	2.90	0.00
138.00	26.10	24.80	38.60	2.90	0.00
138.10	26.00	24.90	38.90	2.70	0.00
138.20	26.00	24.90	38.90	2.70	0.00
138.30	26.00	24.80	38.90	3.00	0.00
138.40	26.00	24.80	38.60	2.90	0.00
138.50	25.90	24.80	38.60	2.90	0.00
138.60	25.90	24.80	38.70	3.20	0.00
138.70	25.90	24.80	38.40	2.70	0.00
138.80	25.90	24.80	38.90	2.60	0.00
138.90	26.10	24.80	38.90	2.60	0.00
139.00	26.10	24.80	38.60	2.70	0.00
139.10	25.90	24.70	38.90	1.90	0.00
139.20	25.90	24.70	38.90	3.20	0.00
139.30	25.90	24.70	38.90	2.60	0.00
139.40	25.90	24.70	39.00	2.60	0.00
139.50	25.90	24.70	39.00	2.60	0.00
139.60	26.10	24.90	39.00	2.60	0.00
139.70	26.10	24.90	39.00	2.70	0.00
139.80	26.00	24.70	38.70	2.60	0.00
139.90	26.00	24.70	39.60	2.60	0.00
140.00	26.10	24.80	39.60	2.60	0.00
140.10	26.10	24.80	38.60	2.90	0.00
140.20	26.00	24.80	38.90	3.20	0.00
140.30	26.00	24.80	38.70	2.60	0.00
140.40	26.00	24.90	38.60	2.30	0.00
140.50	26.00	24.90	38.60	2.30	0.00
140.60	26.10	24.80	38.70	2.60	0.00
140.70	26.10	24.80	38.60	2.40	0.00
140.80	26.10	24.90	38.70	3.30	0.00
140.90	26.10	24.90	38.70	3.30	0.00
141.00	25.90	24.90	38.70	3.30	0.00
141.10	25.90	24.90	38.60	2.90	0.00
141.20	26.00	24.90	38.70	2.70	0.00
141.30	26.00	24.90	38.70	3.30	0.00
141.40	26.00	24.80	38.70	3.30	0.00
141.50	26.00	24.80	38.70	3.00	0.00
141.60	25.90	24.80	38.90	3.80	0.00
141.70	25.90	24.80	38.90	2.60	0.00
141.80	26.00	24.80	39.00	2.90	0.00
141.90	26.00	24.80	38.60	3.00	0.00
142.00	26.00	24.90	39.00	2.90	0.00
142.10	26.00	24.90	39.00	2.40	0.00
142.20	26.00	24.90	39.00	2.40	0.00
142.30	25.90	24.80	39.00	2.40	0.00
142.40	25.90	24.80	38.90	2.70	0.00
142.50	25.90	24.80	38.90	2.70	0.00
142.60	25.90	24.80	38.40	2.60	0.00
142.70	26.10	24.90	38.40	2.30	0.00
142.80	26.10	24.90	39.00	2.90	0.00
142.90	25.90	24.70	38.70	2.60	0.00
143.00	25.90	24.70	38.70	3.00	0.00
143.10	26.00	24.70	38.70	2.70	0.00
143.20	26.00	24.70	38.70	2.70	0.00
143.30	26.00	24.70	38.90	2.60	0.00
143.40	26.00	24.70	38.90	2.60	0.00
143.50	25.90	24.80	39.00	2.90	0.00
143.60	25.90	24.80	39.00	2.90	0.00
143.70	26.00	24.90	39.00	2.90	0.00
143.80	26.00	24.90	39.00	2.90	0.00
143.90	25.90	24.80	38.60	2.70	0.00
144.00	25.90	24.80	38.60	2.70	0.00
144.10	26.00	24.80	38.90	2.70	0.00
144.20	26.00	24.80	38.60	2.40	0.00
144.30	26.00	24.80	38.70	2.90	0.00
144.40	26.00	24.80	38.60	2.60	0.00
144.50	26.10	24.80	38.60	2.60	0.00
144.60	26.10	24.80	39.00	2.60	0.00
144.70	26.00	24.80	36.70	2.70	0.00
144.80	26.00	24.80	38.90	2.60	0.00
144.90	26.00	24.80	38.90	2.60	0.00
145.00	26.00	24.80	38.90	2.60	0.00
145.10	26.00	24.80	38.90	2.60	0.00
145.20	26.00	24.80	38.90	2.60	0.00
145.30	26.00	24.80	38.70	2.70	0.00
145.40	26.00	24.80	39.00	2.60	0.00
145.50	25.90	24.80	38.70	2.60	0.00
145.60	25.90	24.80	38.90	2.70	0.00
145.70	26.10	24.90	38.90	2.70	0.00
145.80	26.10	24.90	38.60	2.60	0.00
145.90	26.00	24.80	39.30	2.90	0.00
146.00	26.00	24.80	38.90	2.60	0.00
146.10	26.00	24.80	38.90	2.70	0.00
146.20	26.00	24.80	38.70	2.70	0.00
146.30	26.00	24.80	39.00	2.70	0.00
146.40	26.00	24.80	39.00	2.70	0.00
146.50	25.90	24.70	39.00	3.00	0.00
146.60	25.90	24.70	39.00	3.00	0.00
146.70	25.80	24.70	38.40	2.70	0.00
146.80	25.80	24.70	38.40	2.70	0.00
146.90	26.00	24.70	38.40	2.70	0.00
147.00	26.00	24.70	38.70	2.70	0.00
147.10	26.00	24.80	38.90	2.70	0.00
147.20	26.00	24.80	38.90	2.70	0.00
147.30	26.10	24.80	38.90	2.70	0.00
147.40	26.10	24.80	38.60	2.70	0.00
147.50	26.00	24.70	38.70	2.70	0.00
147.60	26.00	24.70	38.70	2.70	0.00
147.70	25.80	24.70	38.90	3.20	0.00
147.80	25.80	24.70	38.90	3.20	0.00
147.90	25.90	24.60	38.60	3.00	0.00
148.00	25.90	24.60	38.60	3.00	0.00
148.10	25.90	24.80	38.70	2.60	0.00
148.20	25.90	24.80	39.00	2.70	0.00
148.30	26.00	24.80	38.90	2.90	0.00
148.40	26.00	24.80	39.00	3.20	0.00
148.50	26.00	24.80	39.00	3.20	0.00
148.60	26.00	24.80	38.90	2.60	0.00
148.70	26.00	24.80	38.40	2.60	0.00
148.80	26.00	24.80	38.40	2.60	0.00
148.90	25.90	24.80	39.00	2.90	0.00
149.00	25.90	24.80	39.00	3.00	0.00
149.10	26.10	24.80	39.00	2.30	0.00
149.20	26.10	24.80	39.00	2.30	0.00
149.30	26.00	24.80	39.20	2.30	0.00
149.40	26.00	24.80	39.00	2.60	0.00
149.50	26.00	24.80	39.00	2.60	0.00
149.60	26.00	24.90	38.60	2.70	0.00
149.70	26.00	24.70	39.60	2.70	0.00
149.80	26.00	24.70	39.00	2.70	0.00
149.90	26.00	24.70	39.00	2.60	0.00
150.00	26.10	24.90	39.00	2.60	0.00
150.10	26.10	24.90	38.70	2.60	0.00
150.20	26.10	24.80	38.90	2.10	0.00
150.30	26.10	24.80	38.70	2.90	0.00
150.40	25.90	24.80	39.00	2.70	0.00
150.50	26.00	24.80	39.00	2.70	0.00
150.60	26.00	24.80	39.00	2.70	0.00
150.70	26.00	24.80	38.60	2.70	0.00
150.80	26.00	24.80	38.60	2.90	0.00
150.90	26.10	24.80	38.60	2.90	0.00
151.00	26.10	24.80	38.60	2.70	0.00
151.10	26.10	24.80	38.90	2.90	0.00
151.20	26.00	24.70	39.00	3.00	0.00
151.30	26.00	24.70	39.50	2.70	0.00
151.40	26.00	24.70	39.50	2.70	0.00
151.50	26.00	24.70	38.60	2.60	0.00
151.60	26.00	24.80	38.70	2.70	0.00
151.70	26.00	24.80	39.20	0.90	0.00
151.80	26.00	24.90	38.90	2.70	0.00
151.90	25.90	24.80	38.90	2.70	0.00
152.00	25.90	24.80	38.90	2.70	0.00
152.10	25.90	24.80	38.60	3.00	0.00
152.20	26.10	24.90	38.90	3.00	0.00
152.30	26.10	24.90	38.90	2.40	0.00
152.40	25.80	24.60	39.00	2.70	0.00
152.50	25.80	24.60	38.90	2.70	0.00
152.60	25.90	24.80	38.90	2.70	0.00
152.70	25.90	24.80	39.00	2.70	0.00
152.80	25.90	24.70	38.60	3.00	0.00
152.90	25.90	24.70	38.40	2.60	0.00
153.00	26.00	24.80	39.00	2.70	0.00
153.10	26.00	24.80	39.00	2.70	0.00
153.20	25.90	24.90	38.90	2.90	0.00
153.30	25.90	24.90	38.90	2.90	0.00
153.40	26.00	24.70	38.90	2.90	0.00
153.50	26.00	24.70	38.70	2.90	0.00
153.60	26.00	24.80	37.90	2.90	0.00
153.70	26.00	24.80	39.00	2.60	0.00
153.80	25.90	24.80	39.00	2.60	0.00
153.90	25.90	24.80	38.60	2.40	0.00
154.00	26.00	24.70	38.40	3.00	0.00
154.10	26.00	24.70	38.90	2.70	0.00
154.20	25.90	24.80	38.60	2.90	0.00
154.30	25.90	24.80	38.40	2.30	0.00
154.40	26.00	24.70	38.40	2.30	0.00
154.50	26.00	24.70	38.90	2.40	0.00
154.60	25.90	24.80	39.00	2.60	0.00
154.70	25.90	24.80	39.00	2.60	0.00
154.80	26.10	24.90	39.00	2.60	0.00
154.90	26.10	24.90	38.70	2.60	0.00
155.00	25.90	24.80	38.60	2.60	0.00
155.10	25.90	24.80	39.00	2.90	0.00
155.20	25.90	24.90	39.00	2.90	0.00
155.30	25.90	24.90	39.00	2.30	0.00
155.40	26.00	24.70	38.90	2.70	0.00
155.50	26.00	24.70	39.00	2.70	0.00
155.60	25.90	24.80	38.90	2.60	0.00
155.70	25.90	24.80	38.60	2.40	0.00
155.80	26.00	24.70	38.60	2.40	0.00
155.90	26.00	24.70	38.40	2.70	0.00
156.00	26.00	24.90	39.00	2.30	0.00
156.10	26.00	24.90	39.00	2.30	0.00
156.20	25.90	24.90	39.00	2.30	0.00
156.30	25.90	24.90	38.70	2.70	0.00
156.40	26.00	24.90	38.70	2.70	0.00
156.50	26.00	24.90	38.70	3.30	0.00
156.60	26.00	24.90	38.70	3.30	0.00
156.70	26.10	24.90	39.30	2.70	0.00
156.80	26.10	24.90	38.70	3.30	0.00
156.90	26.00	25.00	38.60	2.90	0.00
157.00	26.00	25.00	38.40	2.30	0.00
157.10	26.00	25.00	39.60	2.70	0.00
157.20	26.10	24.90	38.70	2.90	0.00
157.30	26.10	24.90	38.90	2.90	0.00
157.40	26.00	24.90	38.90	2.90	0.00
157.50	26.00	24.90	38.90	2.90	0.00
157.60	26.00	24.90	38.70	2.90	0.00
157.70	25.90	24.70	38.90	2.60	0.00
157.80	25.90	24.70	39.00	2.60	0.00
157.90	25.90	24.70	39.00	2.60	0.00
158.00	26.00	24.90	38.90	2.60	0.00
158.10	26.00	24.90	38.70	3.20	0.00
158.20	26.00	24.90	38.70	3.20	0.00
158.30	26.00	24.90	39.00	2.60	0.00
158.40	25.90	24.70	38.90	2.90	0.00
158.50	25.90	24.70	38.90	2.90	0.00
158.60	25.90	24.70	38.70	2.60	0.00
158.70	25.90	24.70	39.30	2.70	0.00
158.80	26.00	24.80	39.30	2.70	0.00
158.90	26.00	24.80	39.30	2.70	0.00
159.00	25.90	24.70	38.90	2.90	0.00
159.10	25.90	24.70	39.00	2.60	0.00
159.20	25.90	24.90	38.60	2.90	0.00
159.30	25.90	24.90	39.00	1.50	0.00
159.40	25.90	24.90	39.00	1.50	0.00
159.50	25.90	24.90	39.00	2.90	0.00
159.60	26.10	24.80	39.00	3.30	0.00
159.70	26.10	24.80	39.00	3.30	0.00
159.80	26.10	24.90	38.60	2.40	0.00
159.90	26.10	24.90	39.00	2.90	0.00
160.00	25.90	24.80	37.50	2.70	0.00
160.10	25.90	24.80	37.50	2.70	0.00
160.20	25.90	24.90	38.90	3.00	0.00
160.30	26.00	24.80	38.90	3.00	0.00
160.40	26.00	24.80	38.90	3.00	0.00
160.50	26.00	24.80	38.40	2.40	0.00
160.60	26.00	24.80	38.90	2.90	0.00
160.70	26.00	24.80	38.90	2.90	0.00
160.80	26.00	24.80	39.50	2.70	0.00
160.90	26.10	24.90	38.60	2.70	0.00
161.00	26.10	24.90	38.60	2.70	0.00
161.10	25.90	24.80	38.90	2.90	0.00
161.20	25.90	24.80	38.90	2.90	0.00
161.30	26.00	24.80	39.00	3.00	0.00
161.40	26.00	24.80	38.60	2.90	0.00
161.50	26.00	24.80	38.40	2.60	0.00
161.60	26.00	24.80	38.40	2.60	0.00
161.70	26.00	24.80	38.90	2.70	0.00
161.80	26.00	24.80	38.90	2.70	0.00
161.90	25.80	24.70	38.90	2.60	0.00
162.00	25.80	24.70	38.90	3.00	0.00
162.10	26.00	25.00	38.90	3.00	0.00
162.20	26.00	25.00	38.40	2.60	0.00
162.30	25.90	24.80	38.40	2.90	0.00
162.40	25.90	24.80	39.00	2.10	0.00
162.50	25.90	24.80	39.00	2.10	0.00
162.60	26.00	25.00	38.70	2.90	0.00
162.70	26.00	25.00	38.70	2.60	0.00
162.80	26.10	25.00	39.00	2.70	0.00
162.90	26.10	25.00	39.50	2.60	0.00
163.00	25.90	24.70	39.50	2.60	0.00
163.10	25.90	24.70	39.20	2.70	0.00
163.20	25.90	24.80	39.20	2.70	0.00
163.30	25.90	24.80	39.20	2.70	0.00
163.40	25.80	24.70	38.90	1.60	0.00
163.50	25.80	24.70	38.70	2.70	0.00
163.60	25.80	24.70	38.90	2.70	0.00
163.70	26.00	24.90	38.70	2.60	0.00
163.80	26.00	24.90	38.70	2.70	0.00
163.90	26.00	24.90	38.70	2.70	0.00
164.00	26.00	24.90	38.70	2.90	0.00
164.10	26.00	24.90	39.00	2.70	0.00
164.20	26.00	24.90	39.90	2.60	0.00
164.30	26.00	24.90	39.90	2.60	0.00
164.40	26.00	24.90	38.90	2.70	0.00
164.50	26.00	24.90	39.00	2.70	0.00
164.60	26.00	24.90	39.00	2.70	0.00
164.70	26.00	24.80	39.00	2.70	0.00
164.80	26.00	24.80	38.70	2.90	0.00
164.90	25.90	24.80	38.90	2.60	0.00
165.00	25.90	24.80	39.20	3.00	0.00
165.10	26.10	24.80	39.20	3.00	0.00
165.20	26.10	24.80	38.90	2.60	0.00
165.30	26.00	24.90	38.70	3.00	0.00
165.40	26.00	24.90	38.60	2.60	0.00
165.50	25.90	24.80	38.90	3.00	0.00
165.60	25.90	24.80	38.90	2.10	0.00
165.70	26.00	24.90	38.90	2.10	0.00
165.80	26.00	24.90	38.60	2.40	0.00
165.90	25.90	24.80	38.10	2.70	0.00
166.00	25.90	24.80	38.10	2.70	0.00
166.10	25.90	24.80	38.90	2.60	0.00
166.20	25.90	24.80	38.90	2.60	0.00
166.30	25.80	24.90	39.00	2.70	0.00
166.40	25.80	24.90	38.70	2.60	0.00
166.50	26.10	24.90	38.90	2.90	0.00
166.60	26.10	24.90	38.90	2.90	0.00
166.70	26.00	24.80	38.90	2.60	0.00
166.80	26.00	24.80	38.70	3.30	0.00
166.90	25.80	24.70	38.70	2.90	0.00
167.00	25.80	24.70	38.70	2.90	0.00
167.10	26.00	24.80	38.70	2.70	0.00
167.20	26.00	24.80	37.80	3.00	0.00
167.30	26.00	24.80	39.00	2.40	0.00
167.40	25.90	24.70	39.00	2.40	0.00
167.50	25.90	24.70	39.00	2.40	0.00
167.60	25.90	24.70	38.70	2.70	0.00
167.70	25.90	24.70	38.70	2.70	0.00
167.80	25.90	24.80	38.90	2.70	0.00
167.90	25.90	24.80	38.60	2.70	0.00
168.00	25.90	24.80	38.90	2.90	0.00
168.10	25.90	24.80	38.90	2.90	0.00
168.20	26.10	24.90	39.00	2.70	0.00
168.30	26.10	24.90	38.70	3.00	0.00
168.40	25.90	24.80	38.90	2.70	0.00
168.50	25.90	24.80	38.90	2.70	0.00
168.60	25.90	24.80	39.00	2.90	0.00
168.70	25.90	24.80	38.60	2.40	0.00
168.80	25.90	24.80	39.00	2.70	0.00
168.90	25.90	24.80	39.00	2.70	0.00
169.00	25.90	24.80	39.00	2.70	0.00
169.10	25.90	24.80	39.00	2.70	0.00
169.20	25.80	24.70	38.70	3.00	0.00
169.30	25.80	24.70	38.70	3.00	0.00
169.40	26.00	24.90	38.70	2.30	0.00
169.50	26.00	24.90	39.00	3.00	0.00
169.60	26.00	24.90	39.00	3.20	0.00
169.70	25.90	24.80	38.70	2.60	0.00
169.80	25.90	24.80	38.70	2.60	0.00
169.90	26.10	24.90	39.00	2.60	0.00
170.00	26.10	24.90	38.90	2.40	0.00
170.10	26.00	24.90	38.70	2.40	0.00
170.20	26.00	24.90	38.70	2.40	0.00
170.30	26.10	24.90	38.70	2.70	0.00
170.40	26.10	24.90	38.70	2.70	0.00
170.50	26.10	24.90	38.70	2.70	0.00
170.60	26.10	24.90	38.60	2.90	0.00
170.70	26.00	25.00	39.00	2.70	0.00
170.80	26.00	25.00	38.90	2.90	0.00
170.90	26.00	24.90	38.90	2.90	0.00
171.00	26.00	24.90	39.00	2.90	0.00
171.10	25.90	24.90	39.00	2.90	0.00
171.20	25.90	24.90	38.90	0.70	0.00
171.30	25.90	24.80	39.20	2.30	0.00
171.40	25.90	24.80	39.20	2.30	0.00
171.50	25.80	24.80	38.90	2.60	0.00
171.60	25.80	24.80	38.70	2.60	0.00
171.70	25.80	24.80	38.60	2.60	0.00
171.80	26.00	24.70	38.60	2.60	0.00
171.90	26.00	24.70	39.00	2.40	0.00
172.00	26.00	24.80	39.00	2.40	0.00
172.10	26.00	24.80	38.70	3.00	0.00
172.20	26.00	24.90	39.20	2.10	0.00
172.30	26.00	24.90	39.20	2.10	0.00
172.40	25.90	24.90	39.00	3.00	0.00
172.50	25.90	24.90	38.90	2.60	0.00
172.60	26.10	25.00	39.20	2.40	0.00
172.70	26.10	25.00	38.70	2.90	0.00
172.80	26.00	24.90	38.70	2.90	0.00
172.90	26.00	24.90	39.00	3.00	0.00
173.00	25.90	24.80	38.60	3.20	0.00
173.10	25.90	24.80	39.00	2.40	0.00
173.20	25.90	24.90	39.00	2.40	0.00
173.30	25.90	24.90	39.00	2.40	0.00
173.40	26.00	24.80	38.70	2.70	0.00
173.50	26.00	24.80	38.70	2.70	0.00
173.60	25.90	24.70	39.00	2.60	0.00
173.70	25.90	24.70	39.00	2.40	0.00
173.80	26.00	24.90	38.30	2.30	0.00
173.90	26.00	24.90	38.30	2.30	0.00
174.00	25.90	24.70	38.40	2.40	0.00
174.10	25.90	24.70	39.00	2.60	0.00
174.20	26.00	24.80	39.00	2.70	0.00
174.30	26.00	24.80	39.00	2.70	0.00
174.40	26.10	24.90	39.20	2.70	0.00
174.50	26.10	24.90	38.90	2.90	0.00
174.60	26.10	24.90	39.00	3.00	0.00
174.70	26.10	24.80	39.00	3.00	0.00
174.80	26.10	24.80	39.00	3.00	0.00
174.90	25.90	24.80	39.20	2.90	0.00
175.00	25.90	24.80	38.60	2.60	0.00
175.10	25.90	24.90	39.00	2.90	0.00
175.20	25.90	24.90	38.90	2.90	0.00
175.30	25.90	24.90	38.70	2.60	0.00
175.40	26.00	24.90	39.00	2.90	0.00
175.50	26.00	24.90	38.70	2.90	0.00
175.60	26.00	24.90	38.70	2.90	0.00
175.70	26.00	24.90	37.90	3.30	0.00
175.80	26.00	24.90	38.90	2.60	0.00
175.90	26.00	24.90	38.70	3.00	0.00
176.00	26.00	24.80	38.70	3.00	0.00
176.10	26.00	24.80	38.70	3.00	0.00
176.20	25.90	24.80	38.70	2.70	0.00
176.30	25.90	24.80	38.70	2.70	0.00
176.40	25.90	24.80	39.20	2.90	0.00
176.50	25.90	24.80	38.60	2.90	0.00
176.60	25.90	24.90	38.60	2.90	0.00
176.70	25.90	24.90	39.00	2.70	0.00
176.80	26.00	24.90	38.70	2.10	0.00
176.90	26.00	24.90	38.70	2.10	0.00
177.00	26.00	24.90	38.70	2.70	0.00
177.10	26.00	24.90	39.00	2.70	0.00
177.20	25.90	24.90	38.60	2.90	0.00
177.30	25.90	24.90	38.90	2.60	0.00
177.40	25.90	24.90	38.90	2.60	0.00
177.50	25.90	24.90	38.90	2.60	0.00
177.60	26.00	24.90	38.70	2.60	0.00
177.70	26.00	24.90	38.90	2.90	0.00
177.80	25.80	24.80	39.20	2.70	0.00
177.90	25.80	24.80	39.20	2.70	0.00
178.00	25.90	25.00	39.30	2.60	0.00
178.10	25.90	25.00	38.70	2.60	0.00
178.20	25.90	24.70	38.60	2.70	0.00
178.30	25.90	24.70	38.60	2.70	0.00
178.40	26.00	24.90	39.60	2.70	0.00
178.50	26.00	24.90	38.70	2.30	0.00
178.60	26.00	24.80	39.00	3.00	0.00
178.70	26.00	24.80	38.90	2.70	0.00
178.80	26.00	24.80	38.90	2.70	0.00
178.90	26.00	24.80	38.90	2.70	0.00
179.00	26.00	24.90	38.90	2.40	0.00
179.10	26.00	24.90	38.70	3.80	0.00
179.20	25.90	24.90	38.70	3.80	0.00
179.30	25.90	24.90	39.00	2.70	0.00
179.40	25.90	24.80	38.60	2.60	0.00
179.50	25.90	24.80	38.60	2.60	0.00
179.60	25.90	24.90	38.70	2.70	0.00
179.70	25.90	24.90	39.00	2.40	0.00
179.80	25.80	24.80	38.60	2.70	0.00
179.90	25.80	24.80	39.00	2.60	0.00
180.00	26.00	24.90	39.00	2.60	0.00
180.10	26.00	24.90	38.70	2.60	0.00
180.20	25.90	24.80	38.70	2.40	0.00
180.30	25.90	24.80	38.70	2.40	0.00
180.40	25.90	24.80	38.70	2.40	0.00
180.50	25.90	24.80	38.90	2.70	0.00
180.60	26.00	24.90	38.90	2.70	0.00
180.70	26.00	24.90	39.00	2.60	0.00
180.80	25.90	24.80	39.00	2.60	0.00
180.90	25.90	24.80	38.70	2.60	0.00
181.00	25.90	24.80	38.60	2.70	0.00
181.10	25.90	24.80	38.60	2.60	0.00
181.20	26.00	24.90	38.70	2.60	0.00
181.30	26.00	24.90	38.60	2.60	0.00
181.40	26.00	24.90	37.00	2.90	0.00
181.50	25.90	24.80	38.90	3.00	0.00
181.60	25.90	24.80	38.90	3.00	0.00
181.70	26.00	24.80	38.90	3.00	0.00
181.80	26.00	24.80	39.00	3.20	0.00
181.90	25.90	24.80	39.20	3.20	0.00
182.00	25.90	24.80	39.00	2.90	0.00
182.10	26.00	24.90	38.70	2.70	0.00
182.20	26.00	24.90	38.60	3.00	0.00
182.30	26.00	24.90	38.70	2.60	0.00
182.40	25.90	24.80	38.70	2.60	0.00
182.50	25.90	24.80	38.60	3.00	0.00
182.60	26.10	24.90	38.40	2.70	0.00
182.70	26.10	24.90	38.40	2.70	0.00
182.80	26.10	24.90	39.20	2.60	0.00
182.90	25.90	24.70	38.10	2.90	0.00
183.00	25.90	24.70	38.10	2.90	0.00
183.10	25.90	25.00	38.10	2.90	0.00
183.20	25.90	25.00	38.90	2.70	0.00
183.30	25.90	24.90	38.10	2.90	0.00
183.40	25.90	24.90	39.20	2.70	0.00
183.50	25.90	24.90	39.20	2.70	0.00
183.60	25.90	24.90	38.70	3.00	0.00
183.70	25.90	24.90	39.00	2.90	0.00
183.80	25.90	24.90	39.00	2.60	0.00
183.90	26.00	24.80	39.00	2.60	0.00
184.00	26.00	24.80	39.00	2.60	0.00
184.10	25.90	24.90	38.70	2.90	0.00
184.20	25.90	24.90	38.70	2.90	0.00
184.30	25.90	24.90	38.70	2.40	0.00
184.40	26.00	24.90	38.60	2.60	0.00
184.50	26.00	24.90	38.60	2.60	0.00
184.60	26.00	25.00	38.60	2.60	0.00
184.70	26.00	25.00	39.00	2.70	0.00
184.80	25.90	24.80	38.70	3.00	0.00
184.90	25.90	24.80	39.00	2.60	0.00
185.00	26.00	24.90	39.00	2.60	0.00
185.10	26.00	24.90	38.60	3.20	0.00
185.20	26.00	24.90	38.90	2.90	0.00
185.30	25.90	24.90	39.00	2.90	0.00
185.40	25.90	24.90	39.00	2.90	0.00
185.50	26.00	25.00	38.60	3.00	0.00
185.60	26.00	25.00	39.00	2.70	0.00
185.70	26.00	24.80	39.00	2.90	0.00
185.80	26.00	24.80	39.00	2.90	0.00
185.90	26.00	24.70	38.40	2.70	0.00
186.00	26.00	24.70	38.40	2.70	0.00
186.10	26.00	24.90	38.70	2.60	0.00
186.20	26.00	24.90	39.30	2.60	0.00
186.30	25.90	24.90	38.60	2.40	0.00
186.40	25.90	24.90	38.60	2.40	0.00
186.50	26.00	24.90	38.90	3.50	0.00
186.60	26.00	24.90	38.90	2.90	0.00
186.70	25.90	24.90	38.60	2.90	0.00
186.80	25.90	24.90	39.00	2.90	0.00
186.90	25.80	24.80	39.00	2.90	0.00
187.00	25.80	24.80	38.70	2.70	0.00
187.10	26.00	24.90	38.90	2.40	0.00
187.20	26.00	24.90	39.00	2.70	0.00
187.30	26.00	24.90	39.00	2.70	0.00
187.40	26.00	24.90	38.60	2.60	0.00
187.50	25.80	24.80	38.60	2.60	0.00
187.60	25.80	24.80	39.00	3.00	0.00
187.70	25.80	24.80	39.00	2.60	0.00
187.80	26.00	24.90	38.70	3.00	0.00
187.90	26.00	24.90	38.70	3.20	0.00
188.00	26.00	24.90	38.70	3.20	0.00
188.10	26.00	24.90	38.90	2.90	0.00
188.20	25.80	24.80	39.00	2.90	0.00
188.30	25.80	24.80	38.90	2.90	0.00
188.40	25.90	24.90	38.70	2.30	0.00
188.50	25.90	24.90	39.00	2.70	0.00
188.60	25.90	24.90	39.00	2.70	0.00
188.70	25.90	24.90	39.00	2.70	0.00
188.80	26.00	24.90	38.90	2.70	0.00
188.90	26.00	24.90	38.40	3.00	0.00
189.00	26.00	24.90	39.00	2.70	0.00
189.10	26.00	24.90	38.70	3.20	0.00
189.20	26.00	25.00	39.00	2.90	0.00
189.30	26.00	25.00	39.00	2.40	0.00
189.40	25.90	24.90	39.00	2.40	0.00
189.50	25.90	24.90	38.90	2.40	0.00
189.60	26.00	24.90	38.70	2.60	0.00
189.70	26.00	24.90	38.70	2.60	0.00
189.80	26.00	24.90	38.60	2.90	0.00
189.90	25.80	24.80	38.60	2.40	0.00
190.00	25.80	24.80	38.60	2.40	0.00
190.10	25.90	24.80	38.90	2.70	0.00
190.20	25.90	24.80	38.90	2.70	0.00
190.30	26.10	25.00	39.00	3.00	0.00
190.40	26.10	25.00	38.40	2.90	0.00
190.50	26.00	24.90	38.90	2.40	0.00
190.60	26.00	24.90	38.90	2.40	0.00
190.70	26.00	24.90	39.00	3.00	0.00
190.80	26.00	24.90	38.40	2.70	0.00
190.90	26.00	24.90	38.60	2.90	0.00
191.00	26.00	24.90	38.70	2.40	0.00
191.10	26.00	24.90	38.60	2.90	0.00
191.20	26.10	25.00	38.60	2.90	0.00
191.30	26.10	25.00	39.00	3.00	0.00
191.40	25.90	24.80	39.00	3.00	0.00
191.50	25.90	24.80	39.00	3.00	0.00
191.60	25.90	24.90	39.00	2.90	0.00
191.70	25.90	24.90	38.60	2.60	0.00
191.80	26.00	24.90	38.70	2.90	0.00
191.90	26.00	24.90	38.90	2.60	0.00
192.00	25.90	24.90	39.00	2.60	0.00
192.10	25.90	24.90	39.00	2.70	0.00
192.20	25.90	24.90	39.00	2.70	0.00
192.30	25.90	25.00	38.60	3.00	0.00
192.40	25.90	25.00	38.60	3.00	0.00
192.50	25.80	24.70	38.70	2.40	0.00
192.60	25.80	24.70	38.70	2.40	0.00
192.70	25.80	24.90	39.00	2.60	0.00
192.80	25.80	24.90	39.00	2.60	0.00
192.90	25.80	24.80	38.90	2.90	0.00
193.00	25.80	24.80	39.00	2.10	0.00
193.10	26.00	24.90	39.00	2.10	0.00
193.20	26.00	24.90	38.90	2.70	0.00
193.30	25.90	24.70	38.90	2.90	0.00
193.40	25.90	24.70	39.20	2.70	0.00
193.50	26.00	25.00	38.90	2.90	0.00
193.60	26.00	25.00	38.60	2.70	0.00
193.70	26.00	25.00	38.60	2.70	0.00
193.80	26.00	25.00	38.90	3.00	0.00
193.90	26.00	25.00	37.80	2.70	0.00
194.00	26.00	24.80	39.00	3.90	0.00
194.10	26.00	24.80	39.00	3.90	0.00
194.20	25.90	24.80	39.00	3.90	0.00
194.30	25.90	24.80	38.70	2.60	0.00
194.40	26.00	24.80	38.30	2.60	0.00
194.50	26.00	24.80	38.30	2.60	0.00
194.60	26.00	24.90	38.90	3.50	0.00
194.70	26.00	24.90	39.00	2.60	0.00
194.80	26.00	24.90	38.90	2.70	0.00
194.90	25.90	24.90	38.70	2.70	0.00
195.00	25.90	24.90	38.70	2.60	0.00
195.10	25.80	24.70	38.70	2.60	0.00
195.20	25.80	24.70	38.90	2.70	0.00
195.30	25.90	25.00	38.90	3.50	0.00
195.40	25.90	25.00	38.70	2.70	0.00
195.50	26.00	25.00	38.70	2.70	0.00
195.60	26.00	25.00	38.70	2.70	0.00
195.70	26.00	25.00	38.90	2.90	0.00
195.80	26.00	25.00	38.90	2.90	0.00
195.90	25.90	24.90	36.70	3.20	0.00
196.00	25.90	24.90	39.00	3.00	0.00
196.10	26.00	24.90	38.60	3.00	0.00
196.20	26.00	24.90	38.60	3.00	0.00
196.30	26.00	24.90	39.00	2.70	0.00
196.40	26.00	24.90	38.40	2.60	0.00
196.50	25.90	24.90	39.00	2.70	0.00
196.60	25.90	24.90	38.60	3.00	0.00
196.70	26.10	25.00	38.60	3.00	0.00
196.80	26.10	25.00	39.20	2.90	0.00
196.90	25.90	24.80	38.90	2.70	0.00
197.00	25.90	24.80	38.90	2.70	0.00
197.10	25.70	24.90	38.90	2.70	0.00
197.20	25.70	24.90	38.70	2.70	0.00
197.30	26.00	24.80	38.70	2.70	0.00
197.40	26.00	24.80	38.70	2.70	0.00
197.50	26.00	24.80	38.40	2.70	0.00
197.60	25.90	24.90	38.70	2.40	0.00
197.70	25.90	24.90	38.70	2.40	0.00
197.80	26.00	24.70	39.00	1.20	0.00
197.90	26.00	24.70	38.40	2.70	0.00
198.00	25.90	24.90	39.60	2.40	0.00
198.10	25.90	24.90	38.70	2.70	0.00
198.20	25.90	24.90	38.90	2.70	0.00
198.30	25.90	24.90	38.90	2.90	0.00
198.40	25.90	24.80	38.90	2.90	0.00
198.50	25.90	24.80	38.90	2.90	0.00
198.60	26.00	25.00	38.40	3.00	0.00
198.70	26.00	25.00	38.40	3.00	0.00
198.80	26.00	25.00	38.90	3.20	0.00
198.90	26.00	25.00	39.20	2.90	0.00
199.00	26.00	24.90	38.90	3.00	0.00
199.10	26.00	24.90	38.90	3.00	0.00
199.20	26.00	24.90	39.00	2.90	0.00
199.30	25.90	24.90	38.70	0.40	0.00
199.40	25.90	24.90	38.90	3.00	0.00
199.50	25.90	24.90	38.70	2.60	0.00
199.60	25.90	24.90	38.70	2.70	0.00
199.70	25.90	24.90	38.70	2.40	0.00
199.80	26.10	25.10	38.70	2.40	0.00
199.90	26.10	25.10	38.70	2.40	0.00
200.00	26.10	25.00	38.70	2.90	0.00
200.10	26.10	25.00	38.70	2.90	0.00
200.20	26.10	25.00	38.90	2.90	0.00
200.30	25.90	24.80	38.70	2.60	0.00
200.40	25.90	24.90	38.70	2.30	0.00
200.50	25.90	24.90	39.20	2.70	0.00
200.60	25.90	24.90	38.40	2.70	0.00
200.70	25.80	24.90	38.90	2.60	0.00
200.80	25.80	24.90	38.90	2.60	0.00
200.90	26.00	24.90	38.60	2.60	0.00
201.00	26.00	24.90	38.90	2.70	0.00
201.10	26.00	25.00	38.90	2.40	0.00
201.20	26.00	25.00	38.90	2.40	0.00
201.30	25.90	24.90	38.90	2.40	0.00
201.40	25.90	24.90	38.70	3.00	0.00
201.50	25.90	25.00	38.70	3.00	0.00
201.60	25.90	25.00	38.30	2.90	0.00
201.70	26.00	24.90	39.00	2.90	0.00
201.80	26.00	24.90	39.00	2.40	0.00
201.90	25.90	24.90	39.00	2.40	0.00
202.00	25.90	24.90	39.00	2.90	0.00
202.10	25.90	24.90	38.60	2.70	0.00
202.20	26.00	25.00	39.00	2.60	0.00
202.30	26.00	25.00	38.90	3.20	0.00
202.40	26.00	25.00	38.90	3.20	0.00
202.50	26.00	25.00	38.70	3.00	0.00
202.60	25.90	24.80	39.00	3.90	0.00
202.70	25.90	24.80	39.00	3.90	0.00
202.80	25.90	24.80	39.00	3.90	0.00
202.90	26.00	24.90	38.70	2.60	0.00
203.00	26.00	24.90	38.70	2.70	0.00
203.10	25.80	24.90	38.70	2.70	0.00
203.20	25.80	24.90	39.00	2.70	0.00
203.30	26.00	24.90	39.00	3.50	0.00
203.40	26.00	24.90	39.00	3.50	0.00
203.50	25.90	24.80	38.90	2.90	0.00
203.60	25.90	24.80	38.60	2.70	0.00
203.70	25.90	24.80	38.40	2.60	0.00
203.80	25.90	24.80	38.60	2.60	0.00
203.90	25.90	25.00	38.60	2.60	0.00
204.00	25.90	25.00	39.00	2.70	0.00
204.10	26.00	24.90	39.00	3.20	0.00
204.20	26.00	24.90	39.00	3.20	0.00
204.30	25.90	25.00	39.00	3.20	0.00
204.40	25.90	25.00	39.00	2.40	0.00
204.50	25.90	25.00	39.60	2.60	0.00
204.60	26.00	24.90	38.70	3.00	0.00
204.70	26.00	24.90	38.70	3.00	0.00
204.80	26.00	25.00	39.00	2.70	0.00
204.90	26.00	25.00	39.60	2.60	0.00
205.00	26.00	24.90	39.00	3.50	0.00
205.10	26.00	24.90	38.90	2.90	0.00
205.20	26.00	25.00	38.40	2.60	0.00
205.30	26.00	25.00	38.60	2.60	0.00
205.40	25.90	24.80	38.60	2.60	0.00
205.50	25.90	24.80	38.90	2.40	0.00
205.60	26.00	24.90	38.90	2.40	0.00
205.70	26.00	24.90	38.90	2.40	0.00
205.80	25.90	24.90	38.60	3.00	0.00
205.90	25.90	24.90	38.90	2.70	0.00
206.00	25.90	24.90	39.00	2.90	0.00
206.10	26.10	25.00	38.60	2.90	0.00
206.20	26.10	25.00	38.70	2.90	0.00
206.30	26.00	24.80	38.70	2.90	0.00
206.40	25.90	25.00	38.60	2.60	0.00
206.50	25.90	25.00	38.90	2.60	0.00
206.60	25.90	24.90	39.00	3.20	0.00
206.70	25.90	24.90	38.90	2.90	0.00
206.80	25.90	24.90	38.60	3.00	0.00
206.90	25.90	25.00	38.60	3.00	0.00
207.00	25.90	25.00	38.60	3.00	0.00
207.10	25.90	25.00	38.70	2.60	0.00
207.20	25.90	25.00	38.90	2.90	0.00
207.30	26.10	25.10	39.00	2.90	0.00
207.40	26.10	25.10	38.40	2.40	0.00
207.50	25.90	24.90	38.40	2.40	0.00
207.60	25.90	24.90	38.90	2.90	0.00
207.70	26.00	24.90	38.70	3.00	0.00
207.80	26.00	24.90	38.70	3.00	0.00
207.90	26.00	25.10	38.60	2.70	0.00
208.00	26.00	25.10	38.70	2.90	0.00
208.10	26.00	25.10	38.60	2.70	0.00
208.20	25.90	24.80	38.60	2.70	0.00
208.30	25.90	24.80	39.00	2.40	0.00
208.40	26.00	24.90	39.00	2.40	0.00
208.50	26.00	24.90	39.00	2.40	0.00
208.60	26.00	24.90	38.90	3.00	0.00
208.70	26.00	24.90	38.90	2.70	0.00
208.80	25.90	24.90	38.70	2.90	0.00
208.90	25.90	24.90	38.70	3.50	0.00
209.00	25.90	24.90	38.90	3.20	0.00
209.10	26.00	25.00	38.40	2.90	0.00
209.20	26.00	25.00	38.40	2.90	0.00
209.30	26.00	25.00	38.40	2.90	0.00
209.40	26.00	25.00	38.60	2.70	0.00
209.50	26.10	25.00	37.90	3.00	0.00
209.60	26.10	25.00	38.90	2.60	0.00
209.70	25.90	24.90	38.90	2.60	0.00
209.80	25.90	24.90	38.90	2.60	0.00
209.90	25.90	25.00	38.60	2.70	0.00
210.00	25.90	25.00	38.70	2.90	0.00
210.10	25.90	24.90	38.70	2.90	0.00
210.20	25.90	24.90	38.60	2.60	0.00
210.30	26.00	24.90	39.30	2.90	0.00
210.40	26.00	24.90	39.30	2.90	0.00
210.50	26.00	24.90	38.70	2.30	0.00
210.60	26.00	24.90	38.70	3.20	0.00
210.70	25.90	24.90	38.70	2.70	0.00
210.80	25.90	24.90	38.70	2.70	0.00
210.90	26.00	24.90	38.70	2.70	0.00
211.00	26.00	24.90	38.70	3.00	0.00
211.10	26.00	24.90	38.40	2.90	0.00
211.20	26.00	24.90	38.40	2.90	0.00
211.30	26.00	24.90	38.40	2.90	0.00
211.40	26.00	24.90	39.00	2.60	0.00
211.50	26.00	24.90	39.00	2.60	0.00
211.60	25.90	24.80	38.90	2.40	0.00
211.70	25.90	24.80	38.90	2.40	0.00
211.80	26.00	24.90	39.00	2.90	0.00
211.90	26.00	24.90	39.00	2.90	0.00
212.00	26.00	25.00	39.00	3.20	0.00
212.10	26.00	25.00	38.90	3.20	0.00
212.20	26.00	25.00	38.70	2.60	0.00
212.30	25.90	24.90	38.70	2.60	0.00
212.40	25.90	24.90	38.70	3.00	0.00
212.50	25.80	24.90	39.00	2.60	0.00
212.60	25.80	24.90	39.00	2.60	0.00
212.70	26.00	25.00	39.30	2.60	0.00
212.80	26.00	25.00	39.30	2.60	0.00
212.90	26.00	25.00	38.70	3.30	0.00
213.00	26.00	25.00	38.70	3.30	0.00
213.10	26.00	25.00	38.90	2.60	0.00
213.20	26.00	24.90	38.70	2.90	0.00
213.30	26.00	24.90	39.00	2.70	0.00
213.40	26.00	24.90	39.00	2.70	0.00
213.50	25.90	25.00	38.90	2.70	0.00
213.60	25.90	25.00	38.90	2.30	0.00
213.70	25.90	25.00	38.40	3.00	0.00
213.80	26.00	24.90	38.40	3.00	0.00
213.90	26.00	24.90	39.00	2.70	0.00
214.00	26.00	25.00	38.70	2.90	0.00
214.10	26.00	25.00	38.70	2.90	0.00
214.20	25.90	24.90	38.60	2.70	0.00
214.30	25.90	24.90	38.60	2.70	0.00
214.40	25.90	24.90	38.70	2.70	0.00
214.50	26.00	25.00	38.70	2.70	0.00
214.60	26.00	25.00	38.70	2.90	0.00
214.70	25.70	24.90	38.60	2.60	0.00
214.80	25.70	24.90	38.60	2.70	0.00
214.90	25.90	24.90	39.00	2.90	0.00
215.00	25.90	24.90	39.00	2.90	0.00
215.10	26.00	25.00	38.90	2.70	0.00
215.20	26.00	25.00	39.30	2.70	0.00
215.30	25.80	24.80	39.00	2.40	0.00
215.40	25.80	24.80	39.00	2.40	0.00
215.50	26.00	24.90	38.90	2.90	0.00
215.60	26.00	24.90	38.90	2.70	0.00
215.70	26.00	25.00	38.90	2.70	0.00
215.80	26.00	25.00	38.90	2.90	0.00
215.90	25.90	24.90	38.70	2.30	0.00
216.00	25.90	24.90	39.00	2.90	0.00
216.10	25.90	24.90	39.00	2.60	0.00
216.20	25.90	24.90	39.00	2.60	0.00
216.30	26.00	25.00	38.60	2.90	0.00
216.40	26.00	25.00	39.20	3.00	0.00
216.50	25.90	24.90	39.00	2.60	0.00
216.60	25.90	24.90	39.00	2.60	0.00
216.70	25.90	24.80	38.60	2.60	0.00
216.80	25.90	24.80	38.70	2.70	0.00
216.90	26.00	24.90	38.70	2.70	0.00
217.00	26.00	24.90	38.70	2.70	0.00
217.10	25.90	24.80	38.70	2.70	0.00
217.20	25.90	24.80	38.70	3.20	0.00
217.30	25.90	25.00	38.60	3.00	0.00
217.40	25.90	25.00	38.60	3.00	0.00
217.50	26.00	25.00	38.60	2.60	0.00
217.60	26.00	25.00	38.70	2.90	0.00
217.70	26.00	25.00	38.60	2.90	0.00
217.80	26.00	25.00	38.60	2.90	0.00
217.90	25.90	24.90	38.70	2.60	0.00
218.00	25.90	24.90	38.70	2.60	0.00
218.10	25.90	24.90	39.20	2.60	0.00
218.20	25.90	25.00	38.60	2.60	0.00
218.30	25.90	25.00	38.90	2.60	0.00
218.40	25.90	25.00	38.90	2.60	0.00
218.50	26.00	25.00	38.90	2.60	0.00
218.60	26.00	24.90	38.90	2.70	0.00
218.70	26.00	24.90	39.00	3.00	0.00
218.80	25.90	24.90	39.00	3.00	0.00
218.90	25.90	24.90	39.00	2.60	0.00
219.00	26.00	24.90	38.70	2.40	0.00
219.10	26.00	24.90	38.60	2.70	0.00
219.20	26.00	25.00	38.90	2.60	0.00
219.30	26.00	25.00	38.90	2.60	0.00
219.40	25.90	24.80	38.70	2.30	0.00
219.50	25.90	24.80	38.90	2.70	0.00
219.60	25.80	24.90	38.90	3.20	0.00
219.70	25.80	24.90	38.90	3.20	0.00
219.80	26.00	24.90	39.00	2.90	0.00
219.90	26.00	24.90	39.00	2.90	0.00
220.00	26.00	25.00	39.00	2.90	0.00
220.10	26.00	25.00	38.90	3.00	0.00
220.20	26.00	25.00	39.00	3.20	0.00
220.30	26.00	25.00	39.00	3.20	0.00
220.40	25.90	24.90	38.90	2.70	0.00
220.50	25.90	24.90	38.90	2.90	0.00
220.60	26.10	24.90	39.00	2.70	0.00
220.70	26.10	24.90	38.60	2.60	0.00
220.80	26.10	24.90	38.60	2.60	0.00
220.90	25.90	25.00	39.00	2.60	0.00
221.00	25.90	25.00	39.00	3.60	0.00
221.10	25.90	25.00	39.00	2.60	0.00
221.20	25.90	25.00	39.00	2.60	0.00
221.30	25.90	24.90	38.70	3.00	0.00
221.40	25.90	24.90	38.70	3.00	0.00
221.50	25.80	24.90	38.70	3.00	0.00
221.60	25.80	24.90	38.90	3.20	0.00
221.70	25.80	25.00	38.90	3.20	0.00
221.80	25.80	25.00	38.70	2.70	0.00
221.90	26.00	25.00	38.60	2.70	0.00
222.00	26.00	25.00	38.60	2.70	0.00
222.10	26.00	25.00	38.70	2.60	0.00
222.20	25.90	24.90	38.90	2.90	0.00
222.30	25.90	24.90	38.60	2.60	0.00
222.40	26.00	24.90	38.40	3.00	0.00
222.50	26.00	24.90	38.40	3.00	0.00
222.60	26.00	24.90	39.20	2.70	0.00
222.70	26.00	24.90	38.90	2.60	0.00
222.80	25.90	25.00	38.90	2.60	0.00
222.90	25.90	25.00	38.90	2.60	0.00
223.00	25.90	25.00	38.90	2.70	0.00
223.10	25.90	25.00	38.90	2.90	0.00
223.20	25.90	25.00	39.00	2.70	0.00
223.30	25.80	24.80	38.70	3.00	0.00
223.40	25.80	24.80	38.70	3.00	0.00
223.50	26.00	24.90	38.70	2.90	0.00
223.60	26.00	24.90	39.00	2.30	0.00
223.70	26.00	24.90	38.40	2.90	0.00
223.80	26.10	24.90	37.00	3.00	0.00
223.90	26.10	24.90	37.00	3.00	0.00
224.00	25.90	25.00	38.70	2.40	0.00
224.10	25.90	25.00	39.00	2.60	0.00
224.20	25.90	24.90	39.00	2.60	0.00
224.30	25.90	24.90	39.00	2.60	0.00
224.40	26.00	24.90	38.70	3.20	0.00
224.50	26.00	24.90	39.00	3.20	0.00
224.60	25.90	25.00	38.70	2.70	0.00
224.70	25.90	25.00	38.70	2.70	0.00
224.80	25.90	25.00	38.70	2.60	0.00
224.90	25.90	24.90	38.70	2.60	0.00
225.00	26.00	25.00	39.00	2.40	0.00
225.10	26.00	25.00	39.00	2.40	0.00
225.20	26.00	25.00	39.00	2.90	0.00
225.30	26.00	25.00	38.60	2.70	0.00
225.40	25.90	24.80	38.70	3.20	0.00
225.50	25.90	24.80	38.70	2.60	0.00
225.60	26.00	25.00	38.70	2.60	0.00
225.70	26.00	25.00	38.70	2.60	0.00
225.80	25.80	24.90	38.60	2.40	0.00
225.90	25.80	24.90	38.60	2.40	0.00
226.00	26.00	25.00	36.90	2.90	0.00
226.10	26.00	25.00	38.70	3.00	0.00
226.20	25.80	24.90	39.00	3.00	0.00
226.30	25.80	24.90	39.00	3.00	0.00
226.40	25.90	24.90	38.90	2.70	0.00
226.50	25.90	24.90	38.60	2.40	0.00
226.60	25.90	25.00	39.00	2.90	0.00
226.70	25.90	25.00	39.00	2.90	0.00
226.80	26.00	25.00	38.90	2.40	0.00
226.90	26.00	25.00	38.90	2.60	0.00
227.00	26.00	25.10	38.70	2.30	0.00
227.10	26.00	25.10	38.70	2.30	0.00
227.20	26.00	25.00	38.70	2.30	0.00
227.30	26.00	25.00	38.40	2.40	0.00
227.40	26.10	25.00	38.70	2.70	0.00
227.50	26.10	25.00	38.70	2.60	0.00
227.60	25.80	25.10	38.70	2.60	0.00
227.70	25.80	25.10	38.70	2.30	0.00
227.80	26.10	25.00	38.60	2.70	0.00
227.90	26.10	25.00	38.60	3.00	0.00
228.00	25.90	25.00	38.60	3.00	0.00
228.10	25.90	25.00	38.30	3.00	0.00
228.20	26.00	25.00	39.00	2.60	0.00
228.30	26.00	25.00	39.00	2.60	0.00
228.40	25.90	25.00	38.90	2.70	0.00
228.50	25.90	25.00	39.00	2.90	0.00
228.60	26.00	25.00	39.00	2.90	0.00
228.70	26.00	25.00	38.70	2.70	0.00
228.80	26.00	24.90	38.70	2.70	0.00
228.90	26.00	24.90	38.40	2.90	0.00
229.00	25.90	24.90	39.00	2.60	0.00
229.10	25.90	24.90	38.70	2.60	0.00
229.20	25.90	24.90	38.70	2.60	0.00
229.30	25.90	24.90	38.70	2.70	0.00
229.40	25.90	24.90	38.90	2.60	0.00
229.50	25.90	24.90	38.90	2.60	0.00
229.60	25.90	24.90	38.70	2.70	0.00
229.70	25.90	25.00	39.00	3.20	0.00
229.80	25.90	25.00	38.70	2.70	0.00
229.90	26.00	25.00	38.70	2.70	0.00
230.00	26.00	25.00	38.70	2.40	0.00
230.10	26.00	25.00	38.70	2.40	0.00
230.20	26.00	25.00	38.60	3.00	0.00
230.30	26.00	25.00	38.60	2.90	0.00
230.40	26.00	25.00	38.70	2.90	0.00
230.50	25.90	25.00	38.70	2.70	0.00
230.60	25.90	25.00	38.90	2.90	0.00
230.70	26.00	25.00	38.90	2.90	0.00
230.80	26.00	25.00	38.70	2.60	0.00
230.90	25.90	25.00	38.40	2.60	0.00
231.00	25.90	25.00	38.70	2.70	0.00
231.10	25.90	25.00	38.90	3.60	0.00
231.20	26.00	25.00	38.90	3.60	0.00
231.30	26.00	25.00	38.90	3.60	0.00
231.40	25.90	24.90	38.70	2.90	0.00
231.50	25.90	24.90	38.70	3.50	0.00
231.60	26.00	25.00	38.70	3.50	0.00
231.70	26.00	25.00	38.90	2.90	0.00
231.80	26.00	24.90	38.90	2.40	0.00
231.90	26.00	24.90	38.90	2.40	0.00
232.00	25.90	25.00	39.00	2.70	0.00
232.10	25.90	25.00	38.90	2.60	0.00
232.20	26.00	25.00	38.70	2.70	0.00
232.30	26.00	25.00	39.00	2.90	0.00
232.40	26.00	25.10	39.00	2.90	0.00
232.50	26.00	25.10	38.60	2.60	0.00
232.60	25.90	25.00	38.70	2.70	0.00
232.70	25.90	25.00	38.70	2.70	0.00
232.80	26.00	25.00	38.70	2.70	0.00
232.90	26.00	25.00	38.40	3.20	0.00
233.00	25.90	25.00	38.60	2.70	0.00
233.10	25.90	25.00	38.70	2.30	0.00
233.20	26.00	25.00	38.60	2.40	0.00
233.30	26.00	25.00	38.70	2.30	0.00
233.40	25.80	24.90	38.30	2.70	0.00
233.50	25.80	24.90	38.70	2.10	0.00
233.60	25.80	24.90	38.70	2.10	0.00
233.70	25.90	24.90	38.70	2.70	0.00
233.80	26.00	25.10	39.00	2.70	0.00
233.90	26.00	25.10	38.90	2.70	0.00
234.00	25.90	24.90	38.90	2.70	0.00
234.10	25.90	24.90	38.60	2.60	0.00
234.20	25.90	24.90	38.60	2.60	0.00
234.30	25.90	24.80	39.00	3.20	0.00
234.40	25.90	24.80	38.30	2.70	0.00
234.50	26.00	24.90	38.30	2.70	0.00
234.60	26.00	24.90	38.40	2.60	0.00
234.70	25.80	24.80	39.20	2.70	0.00
234.80	25.80	24.80	38.40	2.90	0.00
234.90	25.80	25.00	38.70	2.30	0.00
235.00	25.80	25.00	38.70	2.30	0.00
235.10	26.00	24.90	38.90	3.20	0.00
235.20	26.00	24.90	38.90	2.90	0.00
235.30	25.90	24.90	39.00	2.70	0.00
235.40	25.90	24.90	39.00	2.70	0.00
235.50	26.00	25.00	39.00	2.70	0.00
235.60	26.00	25.00	38.90	3.30	0.00
235.70	25.90	24.90	38.90	3.30	0.00
235.80	25.90	24.90	38.60	2.60	0.00
235.90	25.90	24.90	38.60	2.60	0.00
236.00	25.90	24.90	38.60	2.60	0.00
236.10	25.80	24.90	38.90	3.00	0.00
236.20	25.80	24.90	38.90	2.70	0.00
236.30	26.00	24.90	38.90	2.70	0.00
236.40	26.00	24.90	38.40	2.60	0.00
236.50	25.90	25.00	39.00	2.90	0.00
236.60	25.90	25.00	38.60	2.90	0.00
236.70	25.90	24.90	39.00	2.90	0.00
236.80	25.90	24.90	38.40	3.00	0.00
236.90	26.00	24.90	38.40	3.00	0.00
237.00	26.00	24.90	38.40	3.00	0.00
237.10	25.80	25.00	38.90	2.70	0.00
237.20	25.80	25.00	38.60	3.00	0.00
237.30	26.00	25.10	39.20	3.30	0.00
237.40	26.00	25.10	39.20	3.30	0.00
237.50	25.80	24.90	39.00	2.70	0.00
237.60	25.80	24.90	38.60	3.80	0.00
237.70	26.10	25.00	38.60	2.30	0.00
237.80	26.10	25.00	38.60	2.30	0.00
237.90	25.90	24.90	38.60	2.90	0.00
238.00	25.90	24.90	38.90	2.90	0.00
238.10	25.90	24.90	38.70	2.70	0.00
238.20	26.00	25.00	38.70	2.70	0.00
238.30	26.00	25.00	38.90	2.60	0.00
238.40	25.90	25.10	38.90	2.60	0.00
238.50	25.90	25.10	38.60	2.60	0.00
238.60	25.90	25.00	38.60	2.60	0.00
238.70	25.90	25.00	38.60	2.60	0.00
238.80	26.00	25.00	38.60	2.70	0.00
238.90	26.00	25.00	39.00	2.60	0.00
239.00	25.90	24.90	38.60	2.90	0.00
239.10	25.90	24.90	38.60	2.90	0.00
239.20	25.90	25.00	38.40	2.70	0.00
239.30	25.90	25.00	38.70	2.30	0.00
239.40	25.80	25.00	38.40	2.60	0.00
239.50	25.80	25.00	38.90	3.20	0.00
239.60	26.10	24.90	38.90	3.20	0.00
239.70	26.10	24.90	39.00	2.90	0.00
239.80	26.00	24.90	39.00	2.90	0.00
239.90	26.00	24.90	39.00	2.90	0.00
240.00	25.90	24.90	38.70	2.70	0.00
240.10	25.90	24.90	38.90	2.60	0.00
240.20	25.90	25.10	38.70	2.60	0.00
240.30	25.90	25.10	38.70	2.60	0.00
240.40	25.90	25.00	39.20	3.00	0.00
240.50	25.90	25.00	38.70	2.70	0.00
240.60	26.00	25.00	38.90	3.20	0.00
240.70	26.00	25.00	38.70	2.30	0.00
240.80	25.80	25.00	38.30	3.00	0.00
240.90	25.80	25.00	38.30	3.00	0.00
241.00	25.90	24.90	39.00	2.10	0.00
241.10	25.90	24.90	38.60	2.70	0.00
241.20	25.80	24.90	38.60	2.70	0.00
241.30	25.80	24.90	38.60	2.70	0.00
241.40	25.90	25.00	39.00	3.00	0.00
241.50	25.90	25.00	39.00	3.00	0.00
241.60	25.90	25.10	38.90	2.70	0.00
241.70	25.90	25.10	39.00	3.00	0.00
241.80	25.90	25.00	38.60	3.20	0.00
241.90	25.90	25.00	38.90	2.40	0.00
242.00	25.90	25.00	39.00	2.60	0.00
242.10	25.90	25.00	38.70	2.60	0.00
242.20	26.10	25.00	38.70	3.00	0.00
242.30	26.10	25.00	38.70	3.00	0.00
242.40	25.70	25.00	39.00	2.40	0.00
242.50	25.70	25.00	38.70	2.70	0.00
242.60	25.70	25.00	38.70	2.70	0.00
242.70	26.00	25.00	38.70	2.70	0.00
242.80	26.00	25.00	38.60	2.60	0.00
242.90	25.90	25.00	38.90	2.90	0.00
243.00	25.90	25.00	38.90	2.90	0.00
243.10	26.00	25.00	38.70	2.40	0.00
243.20	26.00	25.00	38.40	2.90	0.00
243.30	26.00	25.00	38.90	2.60	0.00
243.40	25.90	24.90	38.90	2.90	0.00
243.50	25.90	24.90	38.90	2.90	0.00
243.60	25.90	24.90	38.60	2.70	0.00
243.70	25.90	24.90	38.90	2.90	0.00
243.80	25.90	25.00	38.70	2.60	0.00
243.90	25.90	25.00	38.60	3.00	0.00
244.00	25.90	25.00	38.60	3.00	0.00
244.10	25.90	25.00	38.60	3.00	0.00
244.20	25.90	25.00	38.40	2.70	0.00
244.30	25.90	25.00	38.40	2.70	0.00
244.40	25.90	24.80	38.90	2.40	0.00
244.50	25.90	24.80	39.00	1.00	0.00
244.60	25.90	25.00	38.30	2.90	0.00
244.70	25.90	25.00	38.30	2.90	0.00
244.80	25.90	25.00	39.00	2.90	0.00
244.90	25.90	25.00	38.70	2.90	0.00
245.00	25.90	25.00	39.20	2.70	0.00
245.10	25.90	25.00	39.20	2.70	0.00
245.20	25.90	24.90	39.00	3.00	0.00
245.30	25.90	24.90	38.70	3.00	0.00
245.40	25.90	24.90	38.60	2.70	0.00
245.50	25.90	25.10	38.60	2.70	0.00
245.60	25.90	25.10	38.70	2.60	0.00
245.70	25.90	24.90	38.70	2.60	0.00
245.80	25.90	24.90	38.90	2.60	0.00
245.90	26.00	24.90	38.90	2.70	0.00
246.00	26.00	24.90	38.60	3.00	0.00
246.10	25.90	24.90	38.60	3.00	0.00
246.20	25.90	24.90	38.70	2.60	0.00
246.30	26.10	25.10	38.90	3.20	0.00
246.40	26.10	25.10	38.90	2.60	0.00
246.50	26.00	25.00	38.90	2.60	0.00
246.60	26.00	25.00	38.90	2.60	0.00
246.70	26.00	25.00	38.60	2.40	0.00
246.80	26.00	25.00	38.70	2.70	0.00
246.90	26.00	25.00	38.70	2.70	0.00
247.00	26.00	25.00	39.00	3.30	0.00
247.10	25.90	25.00	38.70	2.60	0.00
247.20	25.90	25.00	39.80	2.40	0.00
247.30	25.90	25.00	39.80	2.40	0.00
247.40	25.90	25.00	38.60	2.70	0.00
247.50	26.00	25.00	38.70	2.60	0.00
247.60	26.00	25.00	38.70	2.60	0.00
247.70	25.90	25.00	38.90	3.00	0.00
247.80	25.90	25.00	39.00	2.90	0.00
247.90	25.90	25.00	38.40	2.70	0.00
248.00	25.90	25.00	38.40	2.70	0.00
248.10	25.90	25.00	38.90	2.90	0.00
248.20	25.80	25.00	38.90	2.90	0.00
248.30	25.80	25.00	38.70	2.70	0.00
248.40	25.80	25.00	38.90	2.90	0.00
248.50	25.80	25.00	38.90	3.30	0.00
248.60	25.90	24.90	39.00	2.60	0.00
248.70	25.90	24.90	39.00	2.70	0.00
248.80	25.90	24.90	38.70	2.70	0.00
248.90	25.90	24.90	38.70	2.90	0.00
249.00	25.90	24.90	38.90	2.90	0.00
249.10	25.90	24.90	38.70	3.00	0.00
249.20	25.90	25.00	38.90	2.60	0.00
249.30	25.90	25.00	38.90	2.60	0.00
249.40	25.90	25.10	38.90	2.60	0.00
249.50	25.90	25.10	38.90	3.30	0.00
249.60	25.90	25.10	38.70	3.00	0.00
249.70	26.00	25.10	38.90	2.60	0.00
249.80	26.00	25.10	38.90	2.60	0.00
249.90	26.10	25.00	39.20	2.90	0.00
250.00	26.10	25.00	38.60	2.70	0.00
250.10	25.90	25.10	38.90	2.60	0.00
250.20	25.90	25.10	38.70	2.90	0.00
250.30	26.00	25.10	38.70	2.70	0.00
250.40	26.00	25.10	38.90	2.60	0.00
