Ambient Temperature(C): 24.6
Ambient Pressure(in Hg): 29.7
Time(s)	T1(Deg C)	T2(Deg C)	P1(PSI)	P2(PSI)	Mass Flowrate(g/min)

0.00	24.70	24.80	0.60	1.90	0.00
0.10	24.80	24.90	0.60	1.80	0.00
0.20	24.80	24.90	0.60	1.80	0.00
0.30	24.80	25.10	0.40	1.80	0.00
0.40	24.80	25.10	0.70	2.10	0.00
0.50	24.80	24.90	0.60	1.80	0.00
0.60	24.80	24.90	0.90	1.80	0.00
0.70	24.70	24.80	0.60	1.80	0.00
0.80	24.70	24.80	0.60	1.80	0.00
0.90	24.70	24.90	0.10	1.60	0.00
1.00	24.70	24.90	0.90	1.60	0.00
1.10	24.70	24.90	0.90	1.60	0.00
1.20	24.80	24.90	0.70	1.50	0.00
1.30	24.80	24.90	0.60	1.90	0.00
1.40	24.70	24.80	0.70	1.60	0.00
1.50	24.70	24.80	0.40	1.60	0.00
1.60	24.70	24.70	0.90	1.80	0.00
1.70	24.70	24.70	1.00	1.60	0.00
1.80	24.60	24.60	1.00	1.60	0.00
1.90	24.60	24.80	0.90	1.90	0.00
2.00	24.60	24.80	0.40	2.30	0.00
2.10	24.70	24.90	0.60	1.80	0.00
2.20	24.70	24.90	0.30	1.90	0.00
2.30	24.90	25.00	0.30	1.90	0.00
2.40	24.90	25.00	0.30	1.90	0.00
2.50	24.90	24.90	1.20	1.80	0.00
2.60	24.80	24.90	0.40	1.60	0.00
2.70	24.80	24.90	0.40	1.90	0.00
2.80	24.80	24.90	0.40	1.50	0.00
2.90	24.80	24.90	0.70	1.50	0.00
3.00	24.90	24.90	0.70	1.90	0.00
3.10	24.90	24.90	1.20	1.50	0.00
3.20	24.80	24.90	1.20	1.50	0.00
3.30	24.80	24.90	0.70	1.60	0.00
3.40	24.80	24.90	0.60	1.80	0.00
3.50	24.80	24.90	0.90	1.90	0.00
3.60	24.80	24.80	0.90	1.90	0.00
3.70	24.80	24.80	1.60	1.50	0.00
3.80	24.70	24.90	0.60	2.10	0.00
3.90	24.70	24.90	0.60	2.10	0.00
4.00	24.80	24.90	0.60	1.80	0.00
4.10	24.80	24.90	1.00	1.50	0.00
4.20	24.90	24.90	0.40	1.80	0.00
4.30	24.90	24.90	0.10	1.60	0.00
4.40	24.90	24.90	0.70	1.90	0.00
4.50	24.70	24.80	0.70	1.90	0.00
4.60	24.70	24.80	0.40	1.60	0.00
4.70	24.80	24.80	0.70	2.10	0.00
4.80	24.80	24.80	0.90	2.10	0.00
4.90	24.80	24.80	0.90	2.10	0.00
5.00	24.80	24.80	1.20	1.30	0.00
5.10	24.80	24.90	1.20	1.30	0.00
5.20	24.90	24.90	0.60	1.80	0.00
5.30	24.90	24.90	0.40	1.60	0.00
5.40	24.70	24.90	0.70	1.50	0.00
5.50	24.70	24.90	0.70	2.30	0.00
5.60	24.80	24.80	0.40	2.70	0.00
5.70	24.80	24.80	0.70	1.60	0.00
5.80	24.80	24.80	0.70	1.60	0.00
5.90	24.80	24.80	0.70	1.50	0.00
6.00	24.90	24.80	0.30	1.80	0.00
6.10	24.90	24.80	0.60	1.90	0.00
6.20	24.80	24.90	0.60	1.90	0.00
6.30	24.80	24.90	0.60	1.60	0.00
6.40	24.80	24.70	0.30	1.60	0.00
6.50	24.80	24.70	0.60	1.50	0.00
6.60	24.30	24.80	1.90	1.90	0.00
6.70	25.30	25.00	1.80	1.60	0.00
6.80	25.30	25.00	1.80	1.20	0.00
6.90	25.50	24.80	2.10	2.40	0.00
7.00	25.50	24.80	1.90	2.30	0.00
7.10	25.60	24.90	1.60	1.80	0.00
7.20	25.70	25.00	1.80	1.30	0.00
7.30	25.70	25.00	1.80	1.30	0.00
7.40	25.90	24.80	1.80	1.30	0.00
7.50	25.90	24.80	2.10	1.60	0.00
7.60	25.80	24.80	1.90	2.10	0.00
7.70	25.80	24.80	1.90	-0.70	0.00
7.80	25.50	24.80	1.90	2.60	0.00
7.90	25.50	24.80	1.60	1.60	0.00
8.00	25.50	24.80	1.80	2.10	0.00
8.10	25.70	24.80	1.80	1.60	0.00
8.20	25.70	24.80	1.60	1.80	0.00
8.30	25.60	24.90	1.90	1.60	-0.01
8.40	25.60	24.90	2.30	1.80	12.22
8.50	25.40	24.70	2.30	1.80	9.00
8.60	25.40	24.70	2.30	1.80	3.37
8.70	25.40	24.70	1.80	1.50	1.08
8.80	25.50	24.80	1.90	1.80	0.60
8.90	25.50	24.80	2.10	1.90	0.38
9.00	25.50	24.90	1.80	1.90	0.47
9.10	25.50	24.90	1.90	1.30	1.68
9.20	25.50	24.90	1.90	2.10	3.35
9.30	25.40	24.80	1.90	1.60	6.17
9.40	25.40	24.90	1.90	1.60	8.39
9.50	25.40	24.90	2.10	1.60	10.28
9.60	25.40	24.90	2.30	1.90	14.11
9.70	25.60	24.90	2.30	1.90	15.52
9.80	25.60	24.90	2.10	1.80	16.36
9.90	25.70	24.80	2.10	1.80	17.48
10.00	25.50	24.80	2.30	1.60	19.55
10.10	25.50	24.80	2.30	1.60	22.95
10.20	25.70	24.90	2.90	2.40	24.95
10.30	25.70	24.90	2.60	1.60	26.00
10.40	25.90	24.90	2.60	1.80	26.76
10.50	25.90	24.90	3.00	1.90	27.61
10.60	26.00	24.90	3.00	1.90	29.09
10.70	26.00	24.90	3.50	2.30	30.81
10.80	26.20	25.00	3.00	1.30	32.38
10.90	26.20	25.00	3.00	1.30	33.41
11.00	26.30	24.90	3.60	1.80	33.93
11.10	26.30	24.90	3.00	1.90	34.35
11.20	26.30	24.90	3.00	1.60	35.02
11.30	26.30	24.70	3.00	1.60	36.10
11.40	26.50	24.90	3.00	1.60	37.52
11.50	26.50	24.90	3.20	1.50	38.79
11.60	26.70	24.80	4.40	2.30	41.40
11.70	26.90	24.80	3.80	1.80	47.02
11.80	26.90	24.80	4.30	1.50	48.30
11.90	26.80	24.80	4.40	2.10	49.16
12.00	26.80	24.80	4.40	1.80	49.85
12.10	27.10	24.90	4.90	1.80	50.31
12.20	27.10	24.90	4.90	1.80	50.53
12.30	27.20	24.70	5.00	2.10	50.66
12.40	27.20	24.70	5.80	1.90	50.60
12.50	27.50	24.80	5.20	1.50	50.45
12.60	27.50	24.80	5.20	1.50	50.47
12.70	27.70	24.80	5.20	1.50	50.36
12.80	27.70	24.80	5.90	1.60	50.31
12.90	28.00	24.90	5.50	2.10	50.21
13.00	28.00	24.90	6.30	2.30	50.18
13.10	28.00	24.80	5.90	1.90	50.15
13.20	28.00	24.80	6.60	1.60	50.04
13.30	28.00	24.80	6.10	1.80	49.98
13.40	28.10	24.90	6.60	1.50	49.76
13.50	28.10	24.90	6.60	1.50	49.74
13.60	28.20	24.90	6.70	1.60	49.78
13.70	28.20	24.90	6.40	1.90	49.73
13.80	28.40	24.90	6.40	1.90	49.70
13.90	28.40	24.90	7.00	1.90	49.74
14.00	28.50	25.00	7.00	1.90	49.78
14.10	28.50	25.00	7.60	1.50	49.74
14.20	28.50	24.80	7.50	1.80	49.72
14.30	28.50	24.80	6.70	1.90	49.73
14.40	28.70	24.80	8.10	1.60	49.73
14.50	28.70	24.80	8.30	2.40	49.72
14.60	28.80	24.90	8.30	1.80	49.74
14.70	28.80	24.90	8.60	1.90	49.78
14.80	28.80	25.00	8.70	1.60	49.79
14.90	28.80	25.00	8.90	1.60	49.76
15.00	28.70	24.90	8.90	1.60	49.76
15.10	28.70	24.90	8.90	1.60	49.82
15.20	29.00	24.80	8.60	1.90	49.82
15.30	29.00	24.80	8.90	1.50	49.80
15.40	29.10	24.80	9.00	1.80	49.81
15.50	29.10	24.80	9.50	1.60	49.82
15.60	29.00	24.90	9.50	1.80	49.82
15.70	29.00	24.90	9.60	1.90	49.89
15.80	29.10	24.90	9.60	1.60	49.86
15.90	29.10	24.90	9.80	1.60	49.85
16.00	29.20	24.90	9.80	1.60	49.88
16.10	29.20	24.90	10.30	1.80	49.89
16.20	29.20	24.80	10.30	1.80	49.88
16.30	29.20	24.80	10.10	1.60	49.86
16.40	29.10	24.80	10.10	1.60	49.81
16.50	29.10	24.80	10.40	1.60	49.87
16.60	29.20	24.80	10.70	1.80	49.89
16.70	29.20	24.80	10.90	1.60	49.88
16.80	29.20	24.90	10.90	2.10	49.94
16.90	29.20	24.90	11.50	1.30	49.91
17.00	29.30	24.80	11.50	1.90	49.96
17.10	29.50	24.80	11.50	1.80	49.95
17.20	29.50	24.80	11.60	1.80	49.96
17.30	29.70	25.00	11.30	1.60	49.98
17.40	29.70	25.00	11.30	1.60	49.98
17.50	29.40	24.80	12.70	1.80	50.02
17.60	29.40	24.80	12.10	1.80	50.05
17.70	29.50	24.90	12.60	1.50	49.98
17.80	29.50	24.90	12.60	1.50	49.98
17.90	29.60	24.80	12.70	2.10	50.01
18.00	29.60	24.80	13.30	1.80	50.04
18.10	29.70	24.90	12.90	1.50	49.96
18.20	29.70	24.80	13.30	1.30	49.98
18.30	29.70	24.80	13.50	1.60	50.04
18.40	29.90	24.90	13.20	1.80	50.02
18.50	29.90	24.90	13.30	1.80	49.95
18.60	29.70	24.80	13.30	1.80	49.96
18.70	29.70	24.80	13.30	1.80	49.95
18.80	29.90	25.00	13.30	1.60	49.93
18.90	29.90	25.00	13.90	1.60	49.99
19.00	29.80	24.80	14.30	1.90	49.98
19.10	29.80	24.80	14.60	1.90	50.00
19.20	29.70	24.80	14.30	1.60	49.98
19.30	29.70	24.80	14.60	2.10	49.99
19.40	29.90	25.00	14.70	1.50	49.98
19.50	29.90	25.00	14.90	1.80	49.94
19.60	29.90	24.90	14.90	1.80	49.93
19.70	29.90	24.90	15.30	1.50	49.94
19.80	29.70	24.90	15.50	1.60	49.92
19.90	29.70	24.90	15.50	1.60	49.98
20.00	29.80	24.90	15.30	1.80	49.95
20.10	29.80	24.90	15.30	1.50	49.95
20.20	29.80	24.80	15.80	1.60	49.98
20.30	29.80	24.80	16.40	1.30	49.93
20.40	29.80	24.90	16.40	1.30	49.95
20.50	29.80	24.90	16.40	1.30	49.89
20.60	29.90	24.90	16.30	1.90	49.94
20.70	29.90	24.90	16.60	1.50	49.94
20.80	29.80	24.80	16.70	1.50	49.93
20.90	29.80	24.80	16.70	1.60	49.98
21.00	29.90	24.80	16.60	1.80	49.98
21.10	29.90	24.80	16.60	1.80	49.95
21.20	29.90	24.80	16.60	1.80	49.98
21.30	29.90	24.80	17.20	1.60	49.94
21.40	30.00	24.80	17.60	1.60	49.96
21.50	30.00	24.80	17.50	1.80	49.99
21.60	30.00	24.80	17.80	1.60	49.94
21.70	30.00	24.80	18.60	1.80	49.95
21.80	30.10	25.00	18.60	1.80	49.99
21.90	30.00	24.90	17.90	2.30	49.93
22.00	30.00	24.90	18.30	1.80	49.96
22.10	30.00	24.80	18.40	1.50	49.96
22.20	30.00	24.80	16.90	2.30	49.96
22.30	30.10	24.70	19.00	1.60	49.96
22.40	30.10	24.70	19.00	1.60	49.95
22.50	30.10	24.80	19.00	1.60	49.94
22.60	30.10	24.80	18.70	1.60	49.98
22.70	30.00	24.90	19.20	1.80	49.96
22.80	30.00	24.90	19.30	1.80	49.96
22.90	30.00	25.00	19.50	2.10	49.94
23.00	30.00	25.00	19.30	1.90	49.96
23.10	30.00	24.80	19.80	1.80	49.94
23.20	30.00	24.80	19.80	1.60	49.99
23.30	30.00	24.80	20.40	1.80	49.96
23.40	30.00	24.80	20.60	1.30	49.93
23.50	30.20	24.90	20.30	1.80	49.94
23.60	30.20	24.90	20.30	1.80	49.94
23.70	30.00	24.70	20.30	1.80	49.95
23.80	30.00	24.70	20.90	1.50	49.93
23.90	30.20	25.00	21.20	1.60	49.94
24.00	30.10	24.70	20.70	1.60	49.93
24.10	30.10	24.70	21.00	1.80	49.96
24.20	30.20	24.80	21.60	1.80	49.89
24.30	30.20	24.80	21.50	1.80	49.94
24.40	30.10	24.80	21.60	2.10	49.89
24.50	30.10	24.80	21.90	1.80	49.89
24.60	30.10	24.80	21.90	1.60	49.93
24.70	30.10	24.80	21.80	1.50	49.88
24.80	30.10	24.80	21.80	1.50	49.89
24.90	30.10	24.80	21.80	1.50	49.88
25.00	30.30	25.00	22.30	1.60	49.91
25.10	30.30	25.00	22.30	1.80	49.91
25.20	30.10	24.80	22.40	1.60	49.91
25.30	30.10	24.80	22.60	1.80	49.88
25.40	30.10	24.90	22.70	1.30	49.91
25.50	30.10	24.90	22.90	1.80	49.86
25.60	30.20	24.80	23.00	1.80	49.87
25.70	30.20	24.80	23.30	1.50	49.85
25.80	30.20	24.80	23.30	1.50	49.88
25.90	30.20	24.80	23.60	1.50	49.85
26.00	30.00	24.80	23.60	1.50	49.85
26.10	30.00	24.80	23.60	1.50	49.80
26.20	30.10	24.80	24.30	2.60	49.86
26.30	30.10	24.80	23.80	1.60	49.86
26.40	30.20	24.90	24.40	1.60	49.85
26.50	30.20	24.90	24.60	2.10	49.89
26.60	30.30	25.00	24.90	1.50	49.88
26.70	30.30	25.00	24.90	2.10	49.93
26.80	30.20	24.80	24.90	2.10	49.94
26.90	30.20	24.80	25.00	1.90	49.98
27.00	30.30	25.00	25.30	1.60	49.98
27.10	30.30	25.00	24.60	1.60	50.07
27.20	30.30	24.80	25.50	1.50	50.06
27.30	30.30	24.80	25.50	1.50	50.02
27.40	30.30	24.90	25.50	1.50	50.06
27.50	30.30	24.90	25.90	1.60	50.05
27.60	30.40	24.90	25.50	1.80	50.07
27.70	30.40	24.90	25.60	1.50	50.04
27.80	30.30	24.80	25.90	1.80	50.04
27.90	30.30	24.80	26.30	2.30	50.06
28.00	30.20	24.80	26.30	1.80	50.02
28.10	30.20	24.80	26.70	1.60	50.00
28.20	30.20	24.80	26.70	1.60	49.96
28.30	30.20	24.80	25.30	1.80	49.95
28.40	30.30	24.90	27.50	1.90	49.93
28.50	30.30	24.90	27.00	1.50	49.91
28.60	30.20	24.80	27.00	1.50	49.93
28.70	30.20	24.90	27.00	1.50	49.94
28.80	30.20	24.90	27.20	1.80	49.93
28.90	30.30	24.80	27.50	1.60	49.91
29.00	30.30	24.80	28.40	1.60	49.88
29.10	30.20	24.80	28.40	1.60	49.82
29.20	30.20	24.80	28.60	1.50	49.87
29.30	30.20	24.90	28.10	1.60	49.88
29.40	30.20	24.90	28.70	1.60	49.81
29.50	30.40	24.80	28.40	1.80	49.86
29.60	30.40	24.80	28.40	1.60	49.82
29.70	30.30	24.90	28.60	1.20	49.82
29.80	30.30	24.90	29.00	1.60	49.86
29.90	30.20	24.80	29.00	1.60	49.83
30.00	30.20	24.80	29.00	1.60	49.83
30.10	30.30	24.80	29.20	1.90	49.79
30.20	30.30	24.80	29.50	1.80	49.81
30.30	30.30	24.90	29.30	1.90	49.83
30.40	30.30	24.90	29.30	1.90	49.89
30.50	30.30	24.90	29.80	1.50	49.89
30.60	30.30	24.90	29.80	1.60	49.91
30.70	30.30	24.70	30.10	2.30	50.02
30.80	30.30	24.70	29.90	1.90	50.01
30.90	30.40	24.90	30.40	1.60	50.02
31.00	30.40	24.90	30.60	1.80	50.07
31.10	30.30	24.80	30.70	1.90	50.07
31.20	30.30	24.80	30.70	1.90	50.01
31.30	30.50	24.90	30.70	1.90	50.07
31.40	30.50	24.90	31.20	1.90	50.04
31.50	30.40	24.90	31.50	1.80	50.05
31.60	30.40	24.90	31.30	0.70	50.05
31.70	30.30	25.00	31.60	1.60	49.98
31.80	30.30	25.00	31.60	1.80	49.96
31.90	30.30	25.00	31.30	1.60	49.99
32.00	30.40	24.80	31.60	1.30	49.96
32.10	30.40	24.80	31.90	1.20	49.94
32.20	30.50	24.90	31.20	1.90	49.95
32.30	30.50	24.90	32.40	1.50	49.93
32.40	30.40	24.90	32.40	1.50	49.87
32.50	30.40	24.90	32.30	1.60	49.89
32.60	30.40	24.80	32.30	1.60	49.83
32.70	30.40	24.90	32.90	1.90	49.81
32.80	30.40	24.90	32.40	1.80	49.80
32.90	30.50	24.80	32.90	1.50	49.85
33.00	30.50	24.80	32.90	1.30	49.79
33.10	30.30	24.80	33.60	1.80	49.85
33.20	30.30	24.80	33.00	1.90	49.80
33.30	30.30	24.70	33.60	1.60	49.86
33.40	30.30	24.70	33.60	1.60	49.85
33.50	30.30	24.80	33.90	2.40	49.88
33.60	30.30	24.80	33.90	2.40	49.91
33.70	30.30	24.80	33.90	2.40	49.95
33.80	30.30	24.80	34.30	1.80	49.92
33.90	30.50	25.00	34.30	1.80	49.95
34.00	30.50	25.00	34.60	1.90	50.01
34.10	30.50	24.90	34.70	2.10	49.98
34.20	30.50	24.90	35.00	1.60	50.04
34.30	30.50	24.90	32.90	1.60	49.98
34.40	30.50	24.90	35.00	1.50	50.00
34.50	30.40	24.80	35.00	1.50	49.96
34.60	30.40	24.80	35.20	1.90	49.99
34.70	30.60	24.90	35.20	1.60	49.98
34.80	30.60	24.90	35.80	2.10	49.94
34.90	30.40	24.80	35.80	2.10	49.94
35.00	30.40	24.80	36.10	2.30	49.95
35.10	30.30	24.80	36.10	2.30	49.92
35.20	30.30	24.80	36.10	1.80	49.92
35.30	30.40	24.80	36.60	1.60	49.87
35.40	30.40	24.80	36.60	1.60	49.88
35.50	30.20	24.80	36.10	1.50	49.82
35.60	30.20	24.80	36.60	1.60	49.82
35.70	30.30	24.80	36.60	1.60	49.87
35.80	30.30	24.80	36.60	1.90	49.88
35.90	30.50	24.90	36.60	1.50	49.89
36.00	30.50	24.90	37.20	1.50	49.91
36.10	30.40	24.90	37.30	1.60	49.93
36.20	30.40	24.90	37.30	1.60	49.98
36.30	30.50	24.90	37.60	1.50	50.00
36.40	30.50	24.90	37.60	1.50	50.01
36.50	30.40	24.90	38.10	1.80	50.02
36.60	30.40	24.90	37.90	1.50	50.04
36.70	30.30	24.80	38.10	1.50	50.10
36.80	30.30	24.80	38.40	1.80	50.02
36.90	30.40	24.80	38.40	1.80	50.05
37.00	30.40	24.80	38.60	1.90	50.02
37.10	30.40	24.90	38.70	1.80	49.99
37.20	30.40	24.90	39.00	1.60	49.94
37.30	30.30	24.70	39.00	1.80	49.91
37.40	30.30	24.70	39.30	1.30	49.89
37.50	30.30	24.70	39.30	1.30	49.92
37.60	30.30	24.80	39.30	1.30	49.88
37.70	30.30	24.80	39.50	1.80	49.85
37.80	30.40	24.80	39.50	1.90	49.81
37.90	30.40	24.80	39.50	1.80	45.17
38.00	30.30	24.90	39.30	2.10	50.79
38.10	30.30	24.90	39.50	1.60	49.50
38.20	30.20	24.90	39.50	1.60	47.03
38.30	30.20	24.90	39.30	1.60	48.60
38.40	29.90	24.80	39.80	2.10	46.25
38.50	29.90	24.80	39.30	2.10	39.97
38.60	29.80	24.90	39.20	1.50	17.46
38.70	29.80	24.90	39.00	1.90	12.10
38.80	29.70	24.80	39.00	1.90	9.59
38.90	29.70	24.80	39.30	1.30	7.62
39.00	29.50	25.00	39.20	1.50	5.99
39.10	29.50	25.00	39.30	2.10	4.85
39.20	29.20	24.90	39.30	2.10	4.07
39.30	29.20	24.90	39.30	1.80	3.40
39.40	29.00	24.70	39.20	1.80	2.92
39.50	29.00	24.70	39.00	-0.20	2.57
39.60	29.10	24.90	39.00	1.80	2.15
39.70	29.10	24.90	38.90	1.90	1.89
39.80	29.00	24.80	38.90	1.30	1.65
39.90	29.00	24.80	38.90	1.30	1.44
40.00	28.80	24.80	39.30	2.30	1.27
40.10	28.80	24.80	39.30	2.30	1.10
40.20	28.70	24.80	39.20	1.90	0.99
40.30	28.70	24.80	38.90	1.50	0.86
40.40	28.60	24.90	39.00	1.20	0.71
40.50	28.40	24.90	38.90	2.40	0.65
40.60	28.40	24.90	38.90	2.40	0.64
40.70	28.40	24.90	39.00	1.80	0.49
40.80	28.40	24.90	38.40	1.80	0.45
40.90	28.40	25.00	38.90	1.90	0.45
41.00	28.40	25.00	38.70	1.30	0.40
41.10	28.30	24.90	39.20	1.90	0.33
41.20	28.30	24.90	38.90	1.80	0.27
41.30	28.30	24.90	38.90	1.80	0.20
41.40	28.30	24.90	38.90	1.80	0.25
41.50	28.20	24.90	38.70	1.00	0.25
41.60	28.20	24.90	39.00	1.90	0.21
41.70	28.10	24.90	38.70	1.50	0.17
41.80	28.10	24.90	38.90	1.90	0.18
41.90	27.90	24.70	39.20	2.10	0.17
42.00	27.90	24.70	38.70	1.30	0.11
42.10	28.10	24.90	38.90	1.80	0.09
42.20	28.00	24.90	38.90	1.80	0.13
42.30	28.00	24.90	38.90	1.80	0.11
42.40	28.00	24.80	39.00	1.20	0.11
42.50	28.00	24.80	39.00	1.20	0.07
42.60	27.80	24.90	39.00	1.20	0.09
42.70	27.80	24.90	38.70	2.10	0.02
42.80	27.80	24.90	39.00	0.90	0.05
42.90	27.90	24.90	38.70	2.30	0.09
43.00	27.90	24.90	38.90	2.10	0.04
43.10	27.80	24.90	39.00	1.90	0.11
43.20	27.80	24.90	38.40	1.90	0.05
43.30	27.80	24.80	39.00	1.80	0.04
43.40	27.80	24.80	38.90	2.30	0.02
43.50	27.80	24.90	39.00	1.50	0.02
43.60	27.60	24.80	38.90	1.80	-0.02
43.70	27.60	24.80	38.90	1.80	0.02
43.80	27.70	24.80	38.90	1.90	-0.02
43.90	27.70	24.80	39.00	1.60	-0.04
44.00	27.70	24.90	39.00	1.50	0.02
44.10	27.70	24.90	38.90	2.10	0.00
44.20	27.70	24.90	38.60	1.30	-0.02
44.30	27.70	24.90	39.00	1.60	-0.02
44.40	27.60	24.90	38.60	1.80	0.02
44.50	27.60	24.90	38.40	1.80	-0.05
44.60	27.60	24.90	38.40	1.80	0.02
44.70	27.50	24.80	38.60	1.60	-0.13
44.80	27.50	24.80	39.30	1.60	-0.13
44.90	27.50	24.90	39.30	1.60	-0.11
45.00	27.50	24.90	39.00	1.50	-0.05
45.10	27.50	24.90	38.70	1.80	-0.07
45.20	27.40	24.80	38.60	1.80	-0.05
45.30	27.40	24.90	39.00	0.90	-0.13
45.40	27.40	24.90	39.00	1.90	-0.13
45.50	27.30	24.80	38.90	1.80	-0.05
45.60	27.30	24.80	38.90	1.80	-0.09
45.70	27.40	24.80	39.00	1.20	0.00
45.80	27.40	24.80	39.00	1.60	0.00
45.90	27.40	24.80	38.70	1.80	0.00
46.00	27.40	24.90	38.60	2.10	0.00
46.10	27.40	24.90	38.60	2.10	0.00
46.20	27.40	24.90	38.90	2.30	0.00
46.30	27.40	25.00	39.30	1.80	0.00
46.40	27.40	25.00	38.90	1.90	0.00
46.50	27.40	25.00	38.90	1.90	0.00
46.60	27.30	24.80	38.90	1.60	0.00
46.70	27.30	24.80	38.90	1.60	0.00
46.80	27.40	24.90	38.90	1.30	0.00
46.90	27.40	24.90	38.70	1.80	0.00
47.00	27.30	24.90	38.70	1.80	0.00
47.10	27.30	24.90	38.40	1.80	0.00
47.20	27.20	24.90	39.00	1.60	0.00
47.30	27.20	24.90	39.00	1.60	0.00
47.40	27.10	24.80	39.00	1.60	0.00
47.50	27.10	24.80	37.90	1.60	0.00
47.60	27.20	24.70	38.30	1.90	0.00
47.70	27.20	24.70	38.60	1.90	0.00
47.80	27.20	24.80	38.60	1.90	0.00
47.90	27.20	24.80	38.90	1.80	0.00
48.00	27.10	24.90	38.70	1.50	0.00
48.10	27.10	24.90	38.60	1.60	0.00
48.20	27.30	24.90	38.60	1.60	0.00
48.30	27.30	24.90	38.70	1.60	0.00
48.40	27.10	24.80	39.00	1.50	0.00
48.50	27.10	24.80	38.60	1.60	0.00
48.60	27.10	24.70	39.00	1.80	0.00
48.70	27.10	24.70	39.00	1.80	0.00
48.80	27.00	24.80	39.00	1.80	0.00
48.90	27.00	24.80	38.40	1.60	0.00
49.00	27.10	24.90	38.90	2.60	0.00
49.10	27.10	24.90	38.70	0.90	0.00
49.20	26.90	24.70	38.60	1.50	0.00
49.30	26.90	24.70	38.70	2.30	0.00
49.40	27.10	24.80	38.70	2.30	0.00
49.50	27.10	24.80	39.00	1.80	0.00
49.60	27.10	24.90	38.90	0.10	0.00
49.70	27.10	24.90	38.60	1.50	0.00
49.80	27.10	25.00	38.70	1.60	0.00
49.90	27.10	25.00	38.60	2.30	0.00
50.00	27.00	24.90	38.60	2.30	0.00
50.10	27.00	24.90	38.60	2.30	0.00
50.20	27.00	24.90	39.20	1.80	0.00
50.30	27.00	24.90	38.70	1.90	0.00
50.40	27.10	24.80	38.90	2.10	0.00
50.50	26.90	24.80	39.00	1.50	0.00
50.60	26.90	24.80	38.60	1.90	0.00
50.70	26.80	24.70	38.40	1.50	0.00
50.80	26.80	24.70	38.60	1.60	0.00
50.90	26.80	24.70	38.70	1.80	0.00
51.00	26.80	24.70	38.60	1.80	0.00
51.10	27.00	24.80	38.90	1.60	0.00
51.20	27.00	24.80	38.90	1.60	0.00
51.30	26.90	24.90	38.90	1.60	0.00
51.40	26.90	24.90	39.00	1.90	0.00
51.50	26.90	24.80	38.60	1.60	0.00
51.60	26.90	24.80	38.90	1.50	0.00
51.70	26.80	24.70	38.90	1.50	0.00
51.80	26.80	24.90	39.00	1.50	0.00
51.90	26.80	24.90	38.90	1.80	0.00
52.00	26.90	24.80	38.40	1.60	0.00
52.10	26.90	24.80	38.90	1.90	0.00
52.20	26.90	24.80	38.90	1.60	0.00
52.30	26.90	24.80	38.70	1.30	0.00
52.40	26.90	24.80	38.70	1.60	0.00
52.50	26.90	24.80	38.70	1.60	0.00
52.60	26.90	24.90	38.70	1.60	0.00
52.70	26.90	24.90	38.70	1.60	0.00
52.80	26.70	24.80	38.40	1.80	0.00
52.90	26.70	24.80	39.00	1.90	0.00
53.00	26.80	24.80	38.90	1.50	0.00
53.10	26.80	24.80	38.40	1.90	0.00
53.20	26.60	24.80	39.00	1.50	0.00
53.30	26.60	24.80	39.00	-0.20	0.00
53.40	26.80	24.80	36.90	1.90	0.00
53.50	26.80	24.80	38.40	1.80	0.00
53.60	26.60	24.80	38.40	1.80	0.00
53.70	26.80	24.80	38.60	2.30	0.00
53.80	26.80	24.80	38.70	1.90	0.00
53.90	26.80	24.80	38.70	1.90	0.00
54.00	26.80	24.80	38.40	1.60	0.00
54.10	26.70	24.80	38.60	1.60	0.00
54.20	26.70	24.80	38.60	1.60	0.00
54.30	26.60	24.90	38.70	2.10	0.00
54.40	26.60	24.90	38.70	1.50	0.00
54.50	26.70	24.80	38.60	1.80	0.00
54.60	26.70	24.80	38.60	1.30	0.00
54.70	26.70	24.80	38.90	1.60	0.00
54.80	26.80	24.90	38.70	1.50	0.00
54.90	26.80	24.90	38.70	1.60	0.00
55.00	26.80	24.90	38.60	1.80	0.00
55.10	26.80	24.90	38.60	1.80	0.00
55.20	26.70	24.80	38.60	1.80	0.00
55.30	26.70	24.80	38.60	1.90	0.00
55.40	26.70	24.80	38.70	2.30	0.00
55.50	26.70	24.80	39.00	2.30	0.00
55.60	26.60	24.90	39.00	2.30	0.00
55.70	26.60	24.90	38.60	1.60	0.00
55.80	26.80	24.80	38.90	2.30	0.00
55.90	26.80	24.80	38.30	1.60	0.00
56.00	26.60	24.90	38.30	1.60	0.00
56.10	26.70	24.90	38.40	1.90	0.00
56.20	26.70	24.90	38.70	1.30	0.00
56.30	26.50	24.80	38.70	1.30	0.00
56.40	26.50	24.80	38.60	1.90	0.00
56.50	26.70	24.80	38.70	2.10	0.00
56.60	26.70	24.80	38.70	2.10	0.00
56.70	26.70	25.00	36.90	1.90	0.00
56.80	26.70	25.00	39.00	1.90	0.00
56.90	26.60	24.90	39.00	1.90	0.00
57.00	26.60	24.90	38.70	1.80	0.00
57.10	26.60	24.80	37.90	2.10	0.00
57.20	26.60	24.80	38.70	0.30	0.00
57.30	26.50	24.90	39.20	1.60	0.00
57.40	26.60	24.80	38.40	1.60	0.00
57.50	26.60	24.80	38.90	1.60	0.00
57.60	26.60	24.70	38.60	1.30	0.00
57.70	26.60	24.70	38.90	1.80	0.00
57.80	26.60	24.70	38.90	1.80	0.00
57.90	26.60	24.90	38.90	1.80	0.00
58.00	26.60	24.90	38.90	1.80	0.00
58.10	26.50	24.80	38.90	1.80	0.00
58.20	26.50	24.80	38.60	1.90	0.00
58.30	26.50	24.80	38.30	1.80	0.00
58.40	26.50	24.80	38.70	2.90	0.00
58.50	26.50	24.80	38.30	1.90	0.00
58.60	26.40	24.80	38.90	1.50	0.00
58.70	26.40	24.80	39.00	1.60	0.00
58.80	26.50	24.70	38.70	1.30	0.00
58.90	26.50	24.70	38.60	1.80	0.00
59.00	26.40	24.90	38.60	1.80	0.00
59.10	26.40	24.90	38.60	1.80	0.00
59.20	26.50	24.80	38.70	1.80	0.00
59.30	26.50	24.80	38.60	1.50	0.00
59.40	26.30	24.90	38.40	1.60	0.00
59.50	26.30	24.90	38.70	1.60	0.00
59.60	26.50	24.80	38.60	1.80	0.00
59.70	26.50	24.80	39.00	0.60	0.00
59.80	26.50	24.90	38.90	1.50	0.00
59.90	26.50	24.90	39.00	1.60	0.00
60.00	26.40	24.80	38.60	1.50	0.00
60.10	26.40	24.80	38.60	1.90	0.00
60.20	26.40	24.80	38.60	1.90	0.00
60.30	26.40	24.80	37.00	1.90	0.00
60.40	26.40	24.80	39.00	1.60	0.00
60.50	26.40	24.80	39.00	1.60	0.00
60.60	26.40	24.80	38.70	2.10	0.00
60.70	26.50	24.80	38.70	1.60	0.00
60.80	26.40	24.70	38.70	1.50	0.00
60.90	26.40	24.70	38.60	1.60	0.00
61.00	26.40	24.70	38.70	1.50	0.00
61.10	26.40	24.80	38.70	2.60	0.00
61.20	26.40	24.80	38.90	1.60	0.00
61.30	26.40	24.80	38.90	1.60	0.00
61.40	26.40	24.80	38.70	1.50	0.00
61.50	26.40	24.90	38.70	1.50	0.00
61.60	26.30	24.70	38.90	1.80	0.00
61.70	26.30	24.70	38.90	1.80	0.00
61.80	26.40	24.80	39.00	2.90	0.00
61.90	26.40	24.80	39.00	1.80	0.00
62.00	26.40	24.90	38.60	1.50	0.00
62.10	26.40	24.90	38.70	2.70	0.00
62.20	26.30	24.80	38.30	1.90	0.00
62.30	26.30	24.80	38.60	1.80	0.00
62.40	26.20	24.80	39.30	1.80	0.00
62.50	26.20	24.80	39.30	1.80	0.00
62.60	26.20	24.80	38.40	1.30	0.00
62.70	26.20	24.80	39.00	2.10	0.00
62.80	26.40	24.70	39.00	2.10	0.00
62.90	26.40	24.70	39.00	2.10	0.00
63.00	26.40	24.80	38.60	1.60	0.00
63.10	26.40	24.80	39.00	1.50	0.00
63.20	26.40	24.90	39.00	1.60	0.00
63.30	26.30	24.70	39.00	1.60	0.00
63.40	26.30	24.70	37.60	1.80	0.00
63.50	26.30	24.80	38.40	1.80	0.00
63.60	26.30	24.80	38.40	1.60	0.00
63.70	26.30	24.80	38.70	1.80	0.00
63.80	26.30	24.70	38.70	2.30	0.00
63.90	26.30	24.70	38.60	2.10	0.00
64.00	26.30	24.80	38.70	1.80	0.00
64.10	26.30	24.80	38.70	1.80	0.00
64.20	26.30	24.90	38.70	1.80	0.00
64.30	26.30	24.90	39.00	1.90	0.00
64.40	26.30	24.80	38.70	1.60	0.00
64.50	26.30	24.80	38.70	1.90	0.00
64.60	26.30	24.90	38.70	1.60	0.00
64.70	26.30	24.90	38.70	1.60	0.00
64.80	26.30	24.90	38.30	1.30	0.00
64.90	26.30	24.90	38.60	1.80	0.00
65.00	26.30	24.90	38.70	1.50	0.00
65.10	26.20	24.70	38.70	1.50	0.00
65.20	26.20	24.70	38.90	2.10	0.00
65.30	26.30	24.80	38.90	1.50	0.00
65.40	26.30	24.80	38.90	1.50	0.00
65.50	26.30	24.90	38.90	1.50	0.00
65.60	26.30	24.90	39.00	2.30	0.00
65.70	26.30	24.90	38.70	1.80	0.00
65.80	26.20	24.80	38.70	2.30	0.00
65.90	26.20	24.80	38.40	1.90	0.00
66.00	26.30	24.90	38.90	1.80	0.00
66.10	26.30	24.90	38.40	1.80	0.00
66.20	26.10	24.80	38.90	1.80	0.00
66.30	26.10	24.80	38.90	1.80	0.00
66.40	26.10	24.80	38.70	1.60	0.00
66.50	26.10	24.80	38.70	1.50	0.00
66.60	26.20	24.80	38.70	1.80	0.00
66.70	26.20	24.80	38.70	1.80	0.00
66.80	26.20	24.80	38.70	1.80	0.00
66.90	26.20	24.90	38.60	1.80	0.00
67.00	26.20	24.90	39.00	1.30	0.00
67.10	26.30	24.90	38.30	1.60	0.00
67.20	26.30	24.90	38.30	1.50	0.00
67.30	26.20	24.80	38.70	1.30	0.00
67.40	26.20	24.80	37.60	1.30	0.00
67.50	26.30	24.80	38.60	1.20	0.00
67.60	26.30	24.80	38.70	1.20	0.00
67.70	26.20	24.70	38.70	1.00	0.00
67.80	26.20	24.70	38.70	1.30	0.00
67.90	26.10	24.60	38.70	1.30	0.00
68.00	26.10	24.60	38.70	1.30	0.00
68.10	26.10	24.60	38.90	0.70	0.00
68.20	26.20	24.60	38.60	1.50	0.00
68.30	26.20	24.60	38.60	1.50	0.00
68.40	26.20	24.70	38.90	0.60	0.00
68.50	26.20	24.70	39.00	0.90	0.00
68.60	26.10	24.50	38.60	0.70	0.00
68.70	26.10	24.50	38.40	0.60	0.00
68.80	26.10	24.60	38.60	0.90	0.00
68.90	26.10	24.60	38.90	0.70	0.00
69.00	26.10	24.60	38.90	0.70	0.00
69.10	26.20	24.60	38.60	0.90	0.00
69.20	26.30	24.60	38.90	0.60	0.00
69.30	26.30	24.60	38.90	0.60	0.00
69.40	26.20	24.60	38.40	0.70	0.00
69.50	26.20	24.60	38.40	0.70	0.00
69.60	26.10	24.60	38.40	0.60	0.00
69.70	26.10	24.60	38.10	0.70	0.00
69.80	26.10	24.60	39.00	0.90	0.00
69.90	26.10	24.60	38.60	0.70	0.00
70.00	26.10	24.70	38.60	0.70	0.00
70.10	26.10	24.70	38.70	0.70	0.00
70.20	26.10	24.50	38.60	0.70	0.00
70.30	26.10	24.50	38.70	0.60	0.00
70.40	26.20	24.50	38.70	0.60	0.00
70.50	26.20	24.50	38.90	0.60	0.00
70.60	26.10	24.60	38.60	0.70	0.00
70.70	26.10	24.60	38.60	0.70	0.00
70.80	26.10	24.70	38.60	0.70	0.00
70.90	26.10	24.70	38.70	0.60	0.00
71.00	26.10	24.50	38.70	0.40	0.00
71.10	26.10	24.50	38.70	0.40	0.00
71.20	26.00	24.60	38.90	0.40	0.00
71.30	26.00	24.60	39.00	0.70	6.62
71.40	26.00	24.60	38.90	0.60	6.17
71.50	26.10	24.60	38.60	0.70	4.94
71.60	26.10	24.60	39.00	1.00	3.48
71.70	26.10	24.60	39.00	1.00	2.32
71.80	26.10	24.60	38.40	0.60	1.79
71.90	26.10	24.70	38.70	0.60	1.48
72.00	26.10	24.70	38.70	0.60	1.89
72.10	26.10	24.60	38.40	0.60	3.74
72.20	26.10	24.60	38.40	0.60	8.90
72.30	26.10	24.60	38.40	0.60	12.17
72.40	26.10	24.60	38.40	0.60	14.17
72.50	26.10	24.60	38.70	0.60	16.26
72.60	26.10	24.70	38.70	0.60	21.69
72.70	26.10	24.70	38.60	0.70	23.70
72.80	25.90	24.60	38.60	0.70	26.55
72.90	25.90	24.60	38.60	0.70	31.00
73.00	26.00	24.60	38.60	0.70	33.96
73.10	26.00	24.60	39.00	0.30	37.05
73.20	26.10	24.80	39.00	0.40	39.84
73.30	26.10	24.80	38.60	0.70	42.55
73.40	26.10	24.70	38.40	0.40	45.71
73.50	26.10	24.70	38.70	0.40	47.53
73.60	26.10	24.70	38.70	0.40	48.50
73.70	26.10	24.70	38.70	0.40	48.79
73.80	26.10	24.60	38.70	0.30	48.83
73.90	26.10	24.60	39.20	0.10	48.66
74.00	26.00	24.40	39.30	0.30	48.70
74.10	26.00	24.40	38.70	0.30	48.67
74.20	25.90	24.50	38.70	0.30	49.04
74.30	25.90	24.50	38.90	-0.10	48.39
74.40	26.00	24.40	38.90	-0.10	46.76
74.50	26.00	24.40	38.70	-0.50	44.57
74.60	26.00	24.30	38.70	-0.50	38.47
74.70	26.00	24.30	38.70	-0.50	35.15
74.80	26.00	24.40	38.60	-0.40	33.78
74.90	26.00	24.40	38.70	-0.40	33.02
75.00	26.00	24.40	38.70	-0.40	32.34
75.10	26.00	24.30	38.90	-0.70	31.94
75.20	26.10	24.40	38.70	-0.10	31.65
75.30	26.10	24.40	38.70	-1.00	31.48
75.40	26.00	24.30	38.60	-0.70	31.16
75.50	26.00	24.30	38.90	-0.70	31.04
75.60	26.20	24.30	38.90	-0.70	30.91
75.70	26.20	24.30	39.20	-0.80	30.89
75.80	26.00	24.10	39.20	-0.80	30.78
75.90	26.00	24.10	39.00	-0.70	30.78
76.00	26.00	24.10	38.70	-0.80	30.68
76.10	26.00	24.10	38.70	-0.80	30.71
76.20	26.00	24.10	38.60	-1.10	30.68
76.30	26.00	24.10	38.60	-1.10	30.68
76.40	26.00	24.10	38.40	-0.50	30.68
76.50	26.00	24.10	38.30	-1.40	30.65
76.60	26.00	24.10	38.60	-1.30	30.67
76.70	26.00	24.10	38.60	-1.30	30.63
76.80	26.10	24.20	38.40	-1.10	30.61
76.90	26.10	24.20	39.00	-1.70	30.61
77.00	26.00	24.20	38.60	-0.80	30.62
77.10	26.00	24.20	38.70	-1.60	30.61
77.20	26.00	24.10	38.70	-1.40	30.65
77.30	26.00	24.10	38.70	-1.40	30.65
77.40	26.00	24.20	38.40	-1.70	30.64
77.50	26.00	24.20	38.60	-1.60	30.65
77.60	26.10	24.10	38.60	-1.60	30.64
77.70	26.10	24.10	38.60	-1.60	30.69
77.80	26.10	24.00	38.90	-1.70	30.58
77.90	26.10	24.00	38.40	-1.70	30.64
78.00	26.00	24.00	37.30	-1.60	30.58
78.10	26.00	24.00	37.30	-1.60	30.64
78.20	26.00	24.10	38.60	-2.20	30.65
78.30	26.00	24.10	38.70	-1.90	30.59
78.40	26.00	24.10	38.70	-2.40	30.65
78.50	26.00	24.10	39.20	-2.20	30.64
78.60	26.00	24.10	38.70	-1.30	30.65
78.70	25.80	24.00	38.60	-2.20	30.65
78.80	25.80	24.00	38.30	-2.20	30.61
78.90	25.90	24.00	38.30	-2.20	30.61
79.00	25.90	24.00	38.70	-2.20	30.65
79.10	25.90	24.00	38.70	-2.20	30.58
79.20	25.90	24.00	38.60	-2.50	30.62
79.30	25.90	24.00	38.70	-2.40	30.58
79.40	25.90	24.00	38.90	-2.20	30.65
79.50	25.90	24.00	38.90	-2.50	30.65
79.60	26.00	23.90	38.60	-2.70	30.58
79.70	26.00	23.90	38.70	-2.70	30.64
79.80	25.90	24.00	38.70	-2.80	30.65
79.90	25.90	24.00	38.70	-2.70	30.59
80.00	26.20	24.10	38.70	-2.70	30.69
80.10	26.20	24.10	38.70	-2.70	30.58
80.20	25.90	23.90	38.60	-2.20	30.67
80.30	25.90	23.90	38.60	-2.80	30.62
80.40	26.10	24.00	38.90	-2.70	30.62
80.50	26.10	24.00	38.90	-2.70	30.65
80.60	25.90	23.80	38.60	-2.80	30.61
80.70	25.90	23.80	38.70	-2.70	30.65
80.80	25.90	23.70	38.40	-3.10	30.69
80.90	25.90	23.70	39.00	-2.50	30.59
81.00	26.00	23.80	38.70	-3.00	30.57
81.10	26.00	23.80	38.40	-3.00	30.59
81.20	25.90	23.70	38.70	-3.00	30.59
81.30	25.90	23.70	38.70	-3.00	30.63
81.40	25.90	23.70	38.70	-3.00	30.64
81.50	25.90	23.70	38.40	-3.00	30.64
81.60	26.00	23.80	38.90	-3.10	30.59
81.70	26.00	23.80	38.90	-3.10	30.63
81.80	25.90	23.80	38.40	-3.10	30.56
81.90	25.90	23.80	38.90	-3.70	30.57
82.00	25.90	23.70	38.30	-3.00	30.63
82.10	25.90	23.70	38.70	-3.60	30.67
82.20	25.90	23.70	38.40	-3.30	30.65
82.30	25.90	23.70	38.70	-3.00	30.69
82.40	25.90	23.80	38.40	-3.10	30.57
82.50	25.90	23.80	38.60	-2.80	30.64
82.60	25.90	23.90	38.60	-2.80	30.65
82.70	25.90	23.90	38.60	-2.80	30.64
82.80	25.90	23.90	38.70	-3.30	30.63
82.90	25.90	23.90	38.70	-3.30	30.57
83.00	26.00	23.90	38.30	-3.70	30.61
83.10	26.00	23.90	38.30	-3.30	30.58
83.20	25.90	23.80	38.40	-3.30	30.59
83.30	25.90	23.80	38.40	-3.30	30.62
83.40	25.80	23.80	39.00	-3.40	30.65
83.50	25.80	23.80	38.90	-3.30	30.55
83.60	25.90	23.80	38.60	-3.60	30.62
83.70	25.90	24.00	39.00	-3.00	30.58
83.80	25.90	24.00	37.90	-3.10	30.64
83.90	26.00	24.00	38.60	-3.40	30.64
84.00	26.00	24.00	38.60	-3.40	30.64
84.10	26.00	24.00	38.60	-3.40	30.57
84.20	25.90	24.00	38.40	-3.10	30.61
84.30	25.90	24.00	39.50	-3.10	30.65
84.40	25.70	24.10	38.90	-3.10	30.70
84.50	25.70	24.10	38.90	-3.10	30.58
84.60	25.90	24.00	38.70	-3.10	30.56
84.70	25.90	24.00	38.40	-3.10	30.62
84.80	25.80	23.90	38.40	-2.50	30.61
84.90	25.80	23.90	38.60	-3.10	30.59
85.00	25.80	24.00	38.90	-3.00	30.56
85.10	25.80	24.00	38.40	-3.10	30.55
85.20	25.90	23.90	38.60	-3.10	30.55
85.30	25.90	24.00	38.60	-3.10	30.61
85.40	25.90	24.00	38.60	-3.10	30.59
85.50	25.90	24.00	38.60	-3.10	30.59
85.60	26.00	24.10	38.60	-3.30	30.65
85.70	26.00	24.10	38.70	-2.80	30.61
85.80	25.80	24.10	38.70	-2.80	30.65
85.90	25.80	24.10	38.70	-2.70	30.55
86.00	25.80	24.10	38.70	-3.30	30.64
86.10	25.80	24.10	38.70	-3.30	30.56
86.20	26.00	24.10	38.30	-3.10	30.59
86.30	26.00	24.10	38.40	-3.00	30.64
86.40	25.90	24.00	38.90	-3.10	30.65
86.50	25.90	24.00	38.90	-3.30	30.58
86.60	25.90	24.00	38.70	-2.70	30.59
86.70	25.90	24.00	38.70	-2.70	30.56
86.80	25.90	24.00	38.70	-2.70	30.57
86.90	25.90	24.00	38.60	-3.40	30.56
87.00	25.90	24.10	38.40	-3.00	30.59
87.10	25.90	24.10	38.70	-4.20	30.62
87.20	25.90	24.10	38.90	-3.30	30.64
87.30	25.90	24.10	38.90	-3.30	30.58
87.40	25.90	24.10	38.30	-2.80	30.58
87.50	25.90	24.10	38.60	-3.00	30.67
87.60	26.00	24.20	38.70	-3.00	30.62
87.70	26.00	24.20	38.30	-2.80	30.64
87.80	25.80	24.10	38.30	-2.80	30.56
87.90	25.80	24.10	38.60	-2.50	30.58
88.00	25.90	24.20	38.60	-2.50	30.62
88.10	25.90	24.20	38.60	-2.50	30.52
88.20	25.90	24.10	38.40	-3.30	30.62
88.30	25.90	24.10	38.70	-2.50	30.62
88.40	25.70	24.00	38.70	-2.50	30.61
88.50	25.70	24.00	38.70	-2.50	30.63
88.60	25.80	24.10	38.60	-3.10	30.62
88.70	25.80	24.10	38.70	-3.00	30.57
88.80	25.90	24.10	38.70	-3.10	30.58
88.90	25.90	24.10	38.40	-3.30	30.55
89.00	25.90	24.10	38.60	-3.30	30.61
89.10	25.90	24.10	39.00	-3.00	30.64
89.20	25.90	24.30	38.90	-3.00	30.56
89.30	25.90	24.30	38.90	-3.00	30.56
89.40	25.90	24.20	38.90	-3.00	30.59
89.50	25.90	24.20	38.60	-3.10	30.59
89.60	25.80	24.20	38.60	-3.10	30.59
89.70	25.80	24.20	38.40	-2.80	30.63
89.80	25.80	24.20	38.70	-3.30	30.59
89.90	25.80	24.20	38.70	-3.30	4.33
90.00	25.70	24.10	38.70	-3.10	4.03
90.10	25.70	24.10	38.70	-3.40	3.79
90.20	25.90	24.20	38.70	-2.70	3.58
90.30	25.90	24.20	38.70	-2.70	3.49
90.40	25.90	24.20	38.70	-1.90	3.32
90.50	25.90	24.20	38.70	-3.00	3.18
90.60	25.90	24.20	38.90	-3.10	3.01
90.70	25.90	24.20	38.60	-2.80	2.88
90.80	26.00	24.20	38.60	-2.80	2.75
90.90	26.00	24.20	38.60	-2.80	0.00
91.00	25.80	24.10	38.70	-3.00	0.00
91.10	25.80	24.10	38.60	-3.00	0.00
91.20	25.80	24.20	38.60	-3.00	0.00
91.30	25.80	24.20	39.00	-2.80	0.00
91.40	25.90	24.10	38.70	-2.40	0.00
91.50	25.90	24.10	39.00	-3.30	0.00
91.60	25.70	24.10	38.70	-2.50	0.00
91.70	25.70	24.10	38.40	-2.80	0.00
91.80	25.80	24.20	38.70	-3.10	0.00
91.90	25.70	24.00	38.30	-2.80	0.00
92.00	25.70	24.00	38.40	-3.00	0.00
92.10	25.70	24.00	38.40	-3.00	0.00
92.20	25.80	24.10	38.40	-3.00	0.00
92.30	25.80	24.10	38.60	-3.00	0.00
92.40	25.80	24.30	38.70	-2.80	0.00
92.50	25.80	24.30	38.70	-2.80	0.00
92.60	25.80	24.10	38.90	-2.70	0.00
92.70	25.80	24.10	38.70	-2.10	0.00
92.80	25.70	24.20	38.60	-3.10	0.00
92.90	25.70	24.20	38.40	-2.80	0.00
93.00	25.80	24.20	38.90	-3.00	0.00
93.10	25.80	24.20	38.90	-2.80	0.00
93.20	25.90	24.20	38.90	-3.00	0.00
93.30	25.90	24.20	38.70	-3.00	0.00
93.40	25.90	24.20	38.70	-3.00	0.00
93.50	25.90	24.20	38.70	-3.00	0.00
93.60	25.90	24.20	38.40	-2.70	0.00
93.70	25.80	24.20	38.70	-3.10	0.00
93.80	25.80	24.20	38.70	-3.10	0.00
93.90	25.80	24.20	38.60	-3.00	0.00
94.00	25.90	24.20	38.60	-2.80	0.00
94.10	25.90	24.20	38.90	-2.80	0.00
94.20	25.80	24.20	38.90	-2.80	0.00
94.30	25.80	24.20	38.30	-3.30	0.00
94.40	25.80	24.20	38.70	-3.00	0.00
94.50	25.80	24.20	38.40	-2.40	0.00
94.60	25.70	24.20	38.60	-3.10	0.00
94.70	25.70	24.20	38.90	-2.70	0.00
94.80	25.70	24.20	38.90	-2.70	0.00
94.90	25.70	24.20	38.90	-2.70	0.00
95.00	25.70	24.20	38.40	-2.70	0.00
95.10	25.70	24.20	38.30	-3.00	0.00
95.20	25.80	24.20	38.60	-3.10	0.00
95.30	25.80	24.20	38.60	-3.10	0.00
95.40	25.90	24.20	38.70	-2.80	0.00
95.50	25.90	24.20	38.40	-3.10	0.00
95.60	25.90	24.20	38.30	-2.80	0.00
95.70	25.90	24.20	38.70	-3.00	0.00
95.80	25.80	24.20	39.00	-3.00	0.00
95.90	25.80	24.20	38.90	-3.00	0.00
96.00	25.70	24.20	38.40	-3.10	0.00
96.10	25.70	24.20	38.40	-3.10	0.00
96.20	25.70	24.10	38.40	-3.10	0.00
96.30	25.90	24.30	39.00	-2.40	0.00
96.40	25.90	24.30	38.30	-2.80	0.00
96.50	25.70	24.20	38.70	-2.80	0.00
96.60	25.70	24.20	39.00	-3.40	0.00
96.70	25.80	24.20	38.90	-2.70	0.00
96.80	25.80	24.20	38.40	-2.80	0.00
96.90	25.80	24.30	39.00	-2.80	0.00
97.00	25.80	24.30	39.00	-2.80	0.00
97.10	25.70	24.10	38.40	-3.00	0.00
97.20	25.70	24.10	38.90	-2.40	0.00
97.30	25.80	24.20	38.90	-2.70	0.00
97.40	25.80	24.20	38.90	-2.70	0.00
97.50	25.60	24.20	38.40	-2.80	0.00
97.60	25.60	24.20	38.40	-2.80	0.00
97.70	25.70	24.10	38.60	-2.20	0.00
97.80	25.70	24.10	38.70	-2.70	0.00
97.90	25.80	24.30	39.00	-2.70	0.00
98.00	25.80	24.30	38.60	-2.50	0.00
98.10	25.80	24.40	38.60	-2.50	0.00
98.20	25.80	24.40	38.60	-2.50	0.00
98.30	25.80	24.40	38.40	-3.10	0.00
98.40	25.70	24.20	39.00	-3.10	0.00
98.50	25.70	24.20	38.60	-3.10	0.00
98.60	25.60	24.10	37.90	-2.80	0.00
98.70	25.60	24.10	37.90	-2.80	0.00
98.80	25.70	24.20	38.60	-3.00	0.00
98.90	25.70	24.20	38.60	-3.00	0.00
99.00	25.90	24.30	38.90	-2.40	0.00
99.10	25.90	24.30	38.90	-3.30	0.00
99.20	25.80	24.30	38.70	-3.10	0.00
99.30	25.80	24.30	38.60	-2.80	0.00
99.40	25.70	24.20	38.90	-2.70	0.00
99.50	25.70	24.20	38.60	-3.40	0.00
99.60	25.80	24.30	38.60	-3.40	0.00
99.70	25.80	24.30	38.40	-2.70	0.00
99.80	25.70	24.20	38.90	-2.70	0.00
99.90	25.70	24.20	38.40	-3.10	0.00
100.00	25.70	24.20	38.40	-3.10	0.00
100.10	25.60	24.10	38.40	-3.10	0.00
100.20	25.60	24.10	38.60	-3.30	0.00
100.30	25.80	24.20	38.90	-3.00	0.00
100.40	25.80	24.20	38.90	-3.00	0.00
100.50	25.80	24.30	39.00	-2.50	0.00
100.60	25.80	24.30	39.00	-2.50	0.00
100.70	25.80	24.30	38.90	-2.40	0.00
100.80	25.80	24.30	38.60	-2.70	0.00
100.90	25.80	24.30	38.90	-3.00	0.00
101.00	25.70	24.10	38.90	-3.00	0.00
101.10	25.70	24.10	38.60	-2.50	0.00
101.20	25.80	24.30	38.60	-2.70	0.00
101.30	25.80	24.30	38.70	-3.10	0.00
101.40	25.60	24.10	38.70	-3.10	0.00
101.50	25.60	24.10	38.70	-2.80	0.00
101.60	25.70	24.20	38.70	-5.10	0.00
101.70	25.70	24.20	39.00	-2.80	0.00
101.80	25.70	24.20	38.60	-3.10	0.00
101.90	25.70	24.20	38.70	-3.30	0.00
102.00	25.80	24.20	38.70	-3.30	0.00
102.10	25.80	24.20	38.40	-2.70	0.00
102.20	25.80	24.20	38.40	-3.00	0.00
102.30	25.80	24.20	38.70	-3.00	0.00
102.40	25.70	24.30	38.40	-2.80	0.00
102.50	25.70	24.30	38.40	-2.80	0.00
102.60	25.80	24.30	38.40	-3.30	0.00
102.70	25.70	24.30	38.40	-3.30	0.00
102.80	25.70	24.30	38.30	-2.80	0.00
102.90	25.70	24.30	38.30	-2.80	0.00
103.00	25.70	24.30	39.00	-2.10	0.00
103.10	25.70	24.30	39.50	-3.00	0.00
103.20	25.70	24.20	38.60	-2.80	0.00
103.30	25.70	24.20	38.60	-2.80	0.00
103.40	25.90	24.30	38.70	-2.70	0.00
103.50	25.90	24.30	38.40	-2.70	0.00
103.60	25.70	24.20	38.60	-3.00	0.00
103.70	25.70	24.20	38.90	-3.10	0.00
103.80	25.70	24.20	39.00	-3.10	0.00
103.90	25.70	24.20	39.00	-3.00	0.00
104.00	25.70	24.40	39.00	-3.00	0.00
104.10	25.70	24.40	39.00	-3.00	0.00
104.20	25.70	24.20	39.00	-2.80	0.00
104.30	25.70	24.20	38.90	-2.40	0.00
104.40	25.80	24.20	38.90	-2.50	0.00
104.50	25.80	24.20	38.90	-2.50	0.00
104.60	25.60	24.30	38.60	-3.00	0.00
104.70	25.60	24.30	38.70	-2.80	0.00
104.80	25.80	24.30	38.90	-2.80	0.00
104.90	25.80	24.30	38.40	-3.10	0.00
105.00	25.70	24.30	38.70	-3.10	0.00
105.10	25.70	24.30	38.90	-3.10	0.00
105.20	25.70	24.20	38.60	-2.50	0.00
105.30	25.70	24.20	38.60	-2.50	0.00
105.40	25.70	24.30	38.60	-2.50	0.00
105.50	25.70	24.30	38.90	-3.10	0.00
105.60	25.70	24.30	38.90	-3.10	0.00
105.70	25.70	24.30	38.70	-2.40	0.00
105.80	25.70	24.30	38.70	-3.00	0.00
105.90	25.70	24.30	39.00	-4.70	0.00
106.00	25.80	24.30	39.00	-3.00	0.00
106.10	25.80	24.30	38.90	-1.90	0.00
106.20	25.60	24.30	38.90	-1.90	0.00
106.30	25.60	24.30	39.00	-2.50	0.00
106.40	25.80	24.20	38.40	-2.80	0.00
106.50	25.80	24.20	39.00	-2.80	0.00
106.60	25.70	24.20	39.00	-2.80	0.00
106.70	25.70	24.20	38.60	-3.10	0.00
106.80	25.80	24.40	38.60	-3.10	0.00
106.90	25.80	24.40	38.60	-3.10	0.00
107.00	25.60	24.20	39.50	-2.50	0.00
107.10	25.60	24.20	38.60	-3.10	0.00
107.20	25.70	24.20	38.70	-3.00	0.00
107.30	25.70	24.20	38.90	-3.00	0.00
107.40	25.80	24.30	38.30	-2.80	0.00
107.50	25.80	24.30	38.90	-3.10	0.00
107.60	25.70	24.20	38.60	-2.70	0.00
107.70	25.70	24.20	38.60	-2.70	0.00
107.80	25.70	24.30	38.40	-2.70	0.00
107.90	25.70	24.30	38.40	-2.70	0.00
108.00	25.70	24.30	38.90	-3.00	0.00
108.10	25.60	24.20	38.90	-3.00	0.00
108.20	25.60	24.20	38.70	-3.00	0.00
108.30	25.80	24.30	38.70	-3.00	0.00
108.40	25.80	24.30	39.30	-2.50	0.00
108.50	25.70	24.20	38.60	-2.80	0.00
108.60	25.70	24.20	38.90	-2.80	0.00
108.70	25.70	24.20	39.20	-2.70	0.00
108.80	25.80	24.30	38.60	-3.10	0.00
108.90	25.80	24.30	38.60	-2.70	0.00
109.00	25.80	24.40	38.70	-2.70	0.00
109.10	25.80	24.40	38.90	-2.70	0.00
109.20	25.70	24.20	38.90	-2.70	0.00
109.30	25.70	24.20	39.00	-3.30	0.00
109.40	25.70	24.30	39.00	-3.30	0.00
109.50	25.70	24.30	38.60	-3.10	0.00
109.60	25.60	24.20	38.60	-3.10	0.00
109.70	25.70	24.30	39.00	-2.80	0.00
109.80	25.70	24.30	39.00	-2.80	0.00
109.90	25.70	24.30	38.60	-2.80	0.00
110.00	25.60	24.30	38.40	-2.70	0.00
110.10	25.60	24.30	38.40	-2.50	0.00
110.20	25.80	24.30	38.40	-2.50	0.00
110.30	25.80	24.30	38.90	-2.10	0.00
110.40	25.60	24.10	38.60	-2.80	0.00
110.50	25.60	24.10	38.40	-3.10	0.00
110.60	25.60	24.30	38.40	-3.10	0.00
110.70	25.70	24.30	38.30	-3.30	0.00
110.80	25.70	24.30	38.30	-3.30	0.00
110.90	25.60	24.20	38.30	-2.80	0.00
111.00	25.60	24.20	38.90	-2.80	0.00
111.10	25.80	24.30	38.40	-2.50	0.00
111.20	25.80	24.30	38.40	-3.10	0.00
111.30	25.70	24.30	39.00	-2.70	0.00
111.40	25.70	24.30	38.60	-2.80	0.00
111.50	25.70	24.20	38.60	-2.80	0.00
111.60	25.70	24.20	39.20	-2.80	0.00
111.70	25.70	24.20	38.70	-2.50	0.00
111.80	25.50	24.20	38.40	-2.70	0.00
111.90	25.50	24.20	39.50	-3.30	0.00
112.00	25.70	24.20	39.50	-3.30	0.00
112.10	25.60	24.20	39.50	-3.30	0.00
112.20	25.60	24.20	38.40	-2.50	0.00
112.30	25.60	24.30	39.00	-3.10	0.00
112.40	25.60	24.30	39.00	-3.10	0.00
112.50	25.80	24.30	38.90	-2.80	0.00
112.60	25.80	24.30	39.30	-2.80	0.00
112.70	25.80	24.30	38.60	-3.00	0.00
112.80	25.80	24.30	38.90	-3.00	0.00
112.90	25.80	24.30	38.90	-2.50	0.00
113.00	25.50	24.30	38.60	-3.40	0.00
113.10	25.50	24.30	39.00	-2.50	0.00
113.20	25.70	24.30	38.70	-2.80	0.00
113.30	25.70	24.30	38.70	-2.80	0.00
113.40	25.70	24.30	38.70	-2.80	0.00
113.50	25.70	24.30	38.90	-2.80	0.00
113.60	25.70	24.20	38.40	-2.70	0.00
113.70	25.70	24.20	38.40	-2.70	0.00
113.80	25.70	24.20	38.40	-2.70	0.00
113.90	25.70	24.20	38.40	-3.10	0.00
114.00	25.70	24.30	38.40	-2.80	0.00
114.10	25.70	24.30	38.40	-2.80	0.00
114.20	25.60	24.20	38.40	-2.80	0.00
114.30	25.70	24.30	38.60	-2.70	0.00
114.40	25.70	24.30	38.40	-2.80	0.00
114.50	25.70	24.30	38.60	-3.10	0.00
114.60	25.70	24.30	39.20	-3.40	0.00
114.70	25.70	24.50	39.20	-3.40	0.00
114.80	25.70	24.50	39.20	-3.40	0.00
114.90	25.60	24.30	38.60	-2.50	0.00
115.00	25.60	24.30	38.70	-3.10	0.00
115.10	25.60	24.30	38.70	-3.10	0.00
115.20	25.60	24.30	38.70	-2.40	0.00
115.30	25.70	24.30	38.90	-2.40	0.00
115.40	25.70	24.30	38.60	-3.00	0.00
115.50	25.70	24.20	38.60	-3.00	0.00
115.60	25.70	24.20	38.30	-3.00	0.00
115.70	25.70	24.30	39.00	-2.80	0.00
115.80	25.80	24.30	39.00	-2.80	0.00
115.90	25.80	24.30	38.70	-3.10	0.00
116.00	25.70	24.30	38.90	-2.80	0.00
116.10	25.70	24.30	38.90	-2.80	0.00
116.20	25.60	24.20	38.70	-2.70	0.00
116.30	25.60	24.20	38.70	-2.70	0.00
116.40	25.60	24.20	38.70	-2.20	0.00
116.50	25.60	24.20	38.70	-2.20	0.00
116.60	25.60	24.30	38.70	-2.70	0.00
116.70	25.60	24.30	38.30	-1.90	0.00
116.80	25.70	24.40	38.70	-2.70	0.00
116.90	25.70	24.40	38.70	-3.10	0.00
117.00	25.70	24.30	38.70	-2.80	0.00
117.10	25.70	24.30	38.90	-2.80	0.00
117.20	25.70	24.30	38.90	-2.80	0.00
117.30	25.70	24.30	38.70	-2.70	0.00
117.40	25.70	24.30	38.60	-3.10	0.00
117.50	25.70	24.30	39.00	-2.50	0.00
117.60	25.70	24.30	39.00	-2.50	0.00
117.70	25.70	24.30	39.00	-2.50	0.00
117.80	25.70	24.30	38.90	-2.80	0.00
117.90	25.70	24.40	38.70	-2.50	0.00
118.00	25.70	24.40	38.70	-2.50	0.00
118.10	25.20	27.10	35.20	3.00	0.00
118.20	25.20	27.10	29.50	13.20	0.00
118.30	22.50	35.60	25.50	20.10	0.00
118.40	22.50	35.60	23.90	23.80	0.00
118.50	19.80	35.70	23.90	23.80	0.00
118.60	19.80	35.70	23.50	23.30	0.00
118.70	19.30	34.30	23.80	23.50	0.00
118.80	19.30	34.30	23.50	23.90	0.00
118.90	17.80	33.00	23.30	23.80	0.00
119.00	17.80	33.00	23.30	23.80	0.00
119.10	17.70	32.00	23.60	23.90	0.00
119.20	17.70	32.00	24.10	23.90	0.00
119.30	17.60	31.30	24.10	23.90	0.00
119.40	17.60	31.30	24.30	23.90	0.00
119.50	17.90	30.80	23.90	24.10	0.00
119.60	17.90	30.80	23.90	24.60	0.00
119.70	17.60	31.20	23.90	24.60	0.00
119.80	17.60	31.20	24.40	23.80	0.00
119.90	17.60	31.20	24.30	24.60	0.00
120.00	18.70	31.60	24.10	24.40	0.00
120.10	18.70	31.60	24.60	24.60	0.00
120.20	18.70	31.60	23.80	24.70	0.00
120.30	19.30	31.20	23.80	24.70	0.00
120.40	19.50	31.00	23.80	24.70	0.00
120.50	19.50	31.00	24.60	24.40	0.00
120.60	19.50	31.00	24.30	24.60	0.00
120.70	20.30	30.50	24.30	24.30	0.00
120.80	20.30	30.50	24.60	24.30	0.00
120.90	20.60	30.00	24.60	24.30	0.00
121.00	20.60	30.00	24.40	24.70	0.00
121.10	21.00	30.00	24.60	24.90	0.00
121.20	20.80	29.80	24.60	24.90	0.00
121.30	20.80	29.80	23.00	25.00	0.00
121.40	21.40	29.60	24.70	24.40	0.00
121.50	21.40	29.60	24.60	24.90	0.00
121.60	21.30	29.40	24.60	24.90	0.00
121.70	21.30	29.40	24.30	24.70	0.00
121.80	21.70	29.60	24.30	24.70	0.00
121.90	22.20	29.30	24.30	24.70	0.00
122.00	22.20	29.30	24.30	24.70	0.00
122.10	22.30	29.60	25.00	24.30	0.00
122.20	22.30	29.60	25.00	24.30	0.00
122.30	22.30	29.60	24.40	24.30	0.00
122.40	22.50	29.70	24.40	24.90	0.00
122.50	22.50	29.70	25.20	24.90	0.00
122.60	22.70	29.80	24.40	24.40	0.00
122.70	22.70	29.80	25.20	24.90	0.00
122.80	23.00	29.80	25.20	24.90	0.00
122.90	23.00	29.80	24.30	24.70	0.00
123.00	23.10	29.80	24.60	25.50	0.00
123.10	23.10	29.80	24.60	23.80	0.00
123.20	22.70	30.00	24.60	23.80	0.00
123.30	22.70	30.00	24.60	23.80	0.00
123.40	23.00	29.90	24.60	24.40	0.00
123.50	23.00	29.90	24.70	24.90	0.00
123.60	23.50	30.00	24.60	24.40	0.00
123.70	23.50	30.00	24.10	24.30	0.00
123.80	23.40	30.00	24.40	24.60	0.00
123.90	23.40	30.00	24.70	24.40	0.00
124.00	23.70	30.20	24.70	24.40	0.00
124.10	23.40	30.00	24.70	24.60	0.00
124.20	23.40	30.00	23.50	24.70	0.00
124.30	23.40	30.00	24.60	24.60	0.00
124.40	23.20	30.10	24.90	24.60	0.00
124.50	23.20	30.10	24.90	24.60	0.00
124.60	23.80	29.90	24.90	24.60	0.00
124.70	23.80	29.90	24.40	24.60	0.00
124.80	23.90	29.90	24.60	24.60	0.00
124.90	23.90	29.90	24.40	24.40	0.00
125.00	23.90	30.00	24.40	24.40	0.00
125.10	23.90	30.00	24.70	24.70	0.00
125.20	23.90	30.00	24.70	24.70	0.00
125.30	23.90	30.00	24.60	24.60	0.00
125.40	23.70	30.30	24.40	24.40	0.00
125.50	23.70	30.30	24.40	24.40	0.00
125.60	24.00	30.00	24.30	24.40	0.00
125.70	24.00	30.00	24.40	24.30	0.00
125.80	24.20	30.20	25.00	24.40	0.00
125.90	24.20	30.20	25.00	24.40	0.00
126.00	23.80	30.10	24.40	24.30	0.00
126.10	23.80	30.10	24.40	24.60	0.00
126.20	24.20	30.00	24.40	24.60	0.00
126.30	24.20	30.00	24.40	24.60	0.00
126.40	23.60	29.90	24.40	24.90	0.00
126.50	23.60	29.90	24.40	24.30	0.00
126.60	24.40	29.70	24.40	24.70	0.00
126.70	24.40	29.70	24.40	24.70	0.00
126.80	24.40	29.70	24.90	24.10	0.00
126.90	24.10	29.60	24.40	24.60	0.00
127.00	24.10	29.60	23.90	24.40	0.00
127.10	24.40	29.60	24.70	24.60	0.00
127.20	24.40	29.60	24.70	24.60	0.00
127.30	23.60	29.40	24.70	24.60	0.00
127.40	23.60	29.40	24.10	24.70	0.00
127.50	23.90	29.50	24.70	24.40	0.00
127.60	23.90	29.50	24.60	24.70	0.00
127.70	24.50	29.40	24.60	24.70	0.00
127.80	24.50	29.40	24.30	24.70	0.00
127.90	24.20	29.40	24.40	24.10	0.00
128.00	24.20	29.40	24.60	24.40	0.00
128.10	24.30	29.40	24.60	24.40	0.00
128.20	24.30	29.40	24.60	24.40	0.00
128.30	24.30	29.40	24.30	24.30	0.00
128.40	24.30	29.40	23.60	24.60	0.00
128.50	24.60	29.30	24.70	24.30	0.00
128.60	24.60	29.30	24.70	24.30	0.00
128.70	24.50	29.30	24.30	24.60	0.00
128.80	24.50	29.30	24.30	24.10	0.00
128.90	24.50	29.10	24.30	24.10	0.00
129.00	24.50	29.10	24.10	24.70	0.00
129.10	24.40	29.30	23.60	24.30	0.00
129.20	24.40	29.30	23.60	24.30	0.00
129.30	24.40	29.30	24.30	24.60	0.00
129.40	24.00	29.40	24.30	24.30	0.00
129.50	24.00	29.40	24.30	24.60	0.00
129.60	24.50	29.30	24.10	24.30	0.00
129.70	24.50	29.30	24.10	24.40	0.00
129.80	24.50	29.20	23.90	24.40	0.00
129.90	24.50	29.20	23.90	24.40	0.00
130.00	24.50	29.20	23.90	24.40	0.00
130.10	24.10	29.40	24.60	24.30	0.00
130.20	24.10	29.40	24.40	24.40	0.00
130.30	24.10	29.30	24.30	24.30	0.00
130.40	24.10	29.30	24.30	24.10	0.00
130.50	24.70	29.10	24.30	24.10	0.00
130.60	24.70	29.10	24.30	24.60	0.00
130.70	24.70	29.10	24.30	24.70	0.00
130.80	24.80	29.40	24.10	24.30	0.00
130.90	24.80	29.40	24.40	24.40	0.00
131.00	24.60	29.30	24.10	24.30	0.00
131.10	24.60	29.30	24.10	24.30	0.00
131.20	24.80	29.40	21.90	24.60	0.00
131.30	24.80	29.40	21.90	24.60	0.00
131.40	24.20	29.30	24.30	25.00	0.00
131.50	24.20	29.30	24.30	25.00	0.00
131.60	24.80	29.40	24.30	24.60	0.00
131.70	24.80	29.40	23.80	24.40	0.00
131.80	24.50	29.30	24.30	24.40	0.00
131.90	24.50	29.30	24.30	24.40	0.00
132.00	24.20	29.40	24.10	23.90	0.00
132.10	24.20	29.40	24.30	23.80	0.00
132.20	24.50	29.30	24.30	24.30	0.00
132.30	24.50	29.30	24.30	24.30	0.00
132.40	24.50	29.30	23.80	24.40	0.00
132.50	24.60	29.50	24.30	23.80	0.00
132.60	24.60	29.50	24.30	24.30	0.00
132.70	24.20	29.40	24.30	24.30	0.00
132.80	24.20	29.40	24.30	24.30	0.00
132.90	24.80	29.40	24.30	24.30	0.00
133.00	24.80	29.40	24.30	24.30	0.00
133.10	24.80	29.40	24.10	24.60	0.00
133.20	24.80	29.40	23.30	24.60	0.00
133.30	24.80	29.50	24.10	24.70	0.00
133.40	24.80	29.50	24.30	24.10	0.00
133.50	24.50	29.40	24.30	24.10	0.00
133.60	24.50	29.40	23.90	24.40	0.00
133.70	24.40	29.40	24.30	24.60	0.00
133.80	24.40	29.40	24.30	24.60	0.00
133.90	24.40	29.40	24.40	24.10	0.00
134.00	24.30	29.50	24.60	24.60	0.00
134.10	24.30	29.50	24.40	24.40	0.00
134.20	24.40	29.50	24.40	24.40	0.00
134.30	24.40	29.50	24.30	24.40	0.00
134.40	24.50	29.30	24.70	24.70	0.00
134.50	24.50	29.30	24.70	24.70	0.00
134.60	25.00	29.40	24.40	24.40	0.00
134.70	25.00	29.40	24.30	24.40	0.00
134.80	24.60	29.50	23.90	24.30	0.00
134.90	24.50	29.40	24.30	23.90	0.00
135.00	24.50	29.40	24.30	23.90	0.00
135.10	24.40	29.30	24.30	24.10	0.00
135.20	24.40	29.30	23.90	25.20	0.00
135.30	24.90	29.30	23.90	25.20	0.00
135.40	24.90	29.30	24.10	24.40	0.00
135.50	24.90	29.30	23.80	24.10	0.00
135.60	24.70	29.40	23.80	24.10	0.00
135.70	24.70	29.40	23.60	24.10	0.00
135.80	24.80	29.20	23.90	24.40	0.00
135.90	24.80	29.20	23.90	24.40	0.00
136.00	24.80	29.20	24.30	23.90	0.00
136.10	24.70	29.30	23.90	24.60	0.00
136.20	24.70	29.30	23.90	24.60	0.00
136.30	24.70	29.30	24.10	23.90	0.00
136.40	24.90	29.20	24.10	24.30	0.00
136.50	24.90	29.20	23.90	23.90	0.00
136.60	24.30	29.40	23.90	23.90	0.00
136.70	24.30	29.40	24.10	24.10	0.00
136.80	24.80	29.30	24.30	24.70	0.00
136.90	24.80	29.30	24.10	24.40	0.00
137.00	24.40	29.20	24.10	24.40	0.00
137.10	24.40	29.20	24.10	24.40	0.00
137.20	24.40	29.20	23.80	24.30	0.00
137.30	24.70	29.20	23.90	24.10	0.00
137.40	24.70	29.20	24.10	23.90	0.00
137.50	24.50	29.30	24.10	23.90	0.00
137.60	24.50	29.30	24.40	24.30	0.00
137.70	24.80	29.20	24.10	24.10	0.00
137.80	24.80	29.20	23.90	24.10	0.00
137.90	24.20	29.10	24.30	23.80	0.00
138.00	24.20	29.10	24.30	23.80	0.00
138.10	25.10	29.20	24.10	24.10	0.00
138.20	25.10	29.20	24.30	24.40	0.00
138.30	25.00	29.30	23.90	24.10	0.00
138.40	25.00	29.30	23.90	24.10	0.00
138.50	24.90	29.20	23.90	24.10	0.00
138.60	24.90	29.20	24.10	24.30	0.00
138.70	24.90	29.20	23.90	23.80	0.00
138.80	24.90	29.20	23.90	23.80	0.00
138.90	24.90	29.20	24.30	24.60	0.00
139.00	24.80	29.30	24.10	24.10	0.00
139.10	24.80	29.30	23.90	24.10	0.00
139.20	24.60	29.30	24.30	23.90	0.00
139.30	24.60	29.30	24.10	24.40	0.00
139.40	24.50	29.20	24.10	24.40	0.00
139.50	24.50	29.20	24.10	23.80	0.00
139.60	24.50	29.20	24.30	24.30	0.00
139.70	24.60	29.30	24.30	23.90	0.00
139.80	24.60	29.30	24.30	23.90	0.00
139.90	24.50	29.20	24.30	23.90	0.00
140.00	24.50	29.20	24.10	24.30	0.00
140.10	25.10	29.20	24.10	24.40	0.00
140.20	25.10	29.20	24.10	24.40	0.00
140.30	25.10	29.20	24.30	24.10	0.00
140.40	25.10	29.20	24.40	24.40	0.00
140.50	24.50	29.20	24.40	24.30	0.00
140.60	24.50	29.20	24.40	24.30	0.00
140.70	24.50	29.30	24.10	23.90	0.00
140.80	24.50	29.30	23.50	24.40	0.00
140.90	24.50	29.30	23.90	24.10	0.00
141.00	24.60	29.10	23.90	24.40	0.00
141.10	24.60	29.10	23.80	23.80	0.00
141.20	24.70	29.40	23.80	23.80	0.00
141.30	24.70	29.40	23.80	23.80	0.00
141.40	24.50	29.20	23.90	24.10	0.00
141.50	24.50	29.20	23.80	24.30	0.00
141.60	25.10	29.20	23.90	24.10	0.00
141.70	25.10	29.20	23.90	24.10	0.00
141.80	25.20	29.20	23.60	24.30	0.00
141.90	25.20	29.20	23.60	24.30	0.00
142.00	24.60	29.20	24.10	23.90	0.00
142.10	24.60	29.20	23.80	24.70	0.00
142.20	24.60	29.20	24.30	23.90	0.00
142.30	24.60	29.20	24.30	24.30	0.00
142.40	24.60	29.20	24.30	24.30	0.00
142.50	25.00	29.20	24.30	24.70	0.00
142.60	25.00	29.20	24.30	24.70	0.00
142.70	25.00	29.20	24.10	23.80	0.00
142.80	25.00	29.20	23.90	24.30	0.00
142.90	25.10	29.20	24.10	24.30	0.00
143.00	25.10	29.20	24.10	24.30	0.00
143.10	25.20	29.10	24.30	23.80	0.00
143.20	25.20	29.10	23.90	23.90	0.00
143.30	24.60	29.20	23.90	24.30	0.00
143.40	24.60	29.20	23.90	24.30	0.00
143.50	24.60	29.20	24.40	24.30	0.00
143.60	24.60	29.20	23.90	24.30	0.00
143.70	24.70	29.10	24.30	24.30	0.00
143.80	24.70	29.10	24.30	24.10	0.00
143.90	24.70	29.10	24.30	24.10	0.00
144.00	24.60	29.10	24.30	24.10	0.00
144.10	24.60	29.10	24.30	24.10	0.00
144.20	24.60	29.10	23.90	24.30	0.00
144.30	24.50	29.10	23.90	24.10	0.00
144.40	24.50	29.10	24.30	24.60	0.00
144.50	24.50	29.10	24.30	24.60	0.00
144.60	24.80	29.00	23.90	23.90	0.00
144.70	24.80	29.00	23.80	23.80	0.00
144.80	25.10	29.10	23.80	24.30	0.00
144.90	25.10	29.10	23.80	24.30	0.00
145.00	25.00	29.10	24.10	24.40	0.00
145.10	25.00	29.10	24.10	24.60	0.00
145.20	24.70	29.20	24.40	23.90	0.00
145.30	24.70	29.20	24.10	24.30	0.00
145.40	25.10	29.10	24.10	24.30	0.00
145.50	25.10	29.10	24.10	24.30	0.00
145.60	24.70	29.10	24.10	24.30	0.00
145.70	24.70	29.10	24.10	23.90	0.00
145.80	24.50	29.20	23.80	24.60	0.00
145.90	24.50	29.20	24.40	24.10	0.00
146.00	25.10	29.10	24.40	24.10	0.00
146.10	25.10	29.10	23.80	24.30	0.00
146.20	24.70	29.10	23.60	24.30	0.00
146.30	24.70	29.10	24.60	24.40	0.00
146.40	24.70	29.00	23.90	24.10	0.00
146.50	24.70	29.00	23.90	24.10	0.00
146.60	24.70	29.00	23.80	24.10	0.00
146.70	25.10	29.00	23.90	23.80	0.00
146.80	25.10	29.00	23.90	23.80	0.00
146.90	24.70	29.00	24.10	23.80	0.00
147.00	24.70	29.00	23.90	24.40	0.00
147.10	25.30	29.00	23.90	24.40	0.00
147.20	25.30	29.00	23.90	23.80	0.00
147.30	24.60	28.90	24.40	24.10	0.00
147.40	24.60	28.90	24.40	24.10	0.00
147.50	25.30	29.00	23.90	24.30	0.00
147.60	25.30	29.00	24.10	25.20	0.00
147.70	24.70	29.10	23.90	24.30	0.00
147.80	24.70	29.10	23.90	24.30	0.00
147.90	24.70	29.00	23.50	23.90	0.00
148.00	24.70	29.00	23.90	23.90	0.00
148.10	24.70	29.00	24.30	24.70	0.00
148.20	24.70	29.00	24.30	24.70	0.00
148.30	25.40	29.10	24.30	24.70	0.00
148.40	25.40	29.10	23.80	23.80	0.00
148.50	24.80	29.00	24.10	24.30	0.00
148.60	24.80	29.00	24.10	23.80	0.00
148.70	24.90	29.00	24.30	25.20	0.00
148.80	24.90	29.00	24.10	23.90	0.00
148.90	24.80	29.00	24.10	23.90	0.00
149.00	24.80	29.00	24.10	24.40	0.00
149.10	25.30	29.00	24.10	24.10	0.00
149.20	25.30	29.00	23.90	24.30	0.00
149.30	24.70	29.00	23.90	24.10	0.00
149.40	24.70	29.00	23.90	24.10	0.00
149.50	25.00	29.10	24.40	24.30	0.00
149.60	25.00	29.10	24.40	24.30	0.00
149.70	24.60	29.00	23.90	24.10	0.00
149.80	24.60	29.00	23.90	24.10	0.00
149.90	24.60	29.00	23.90	24.10	0.00
150.00	24.60	29.00	23.90	24.30	0.00
150.10	25.30	29.00	22.40	24.40	0.00
150.20	25.30	29.00	22.40	24.40	0.00
150.30	25.10	29.00	23.80	24.40	0.00
150.40	25.10	29.00	23.90	23.90	0.00
150.50	25.30	28.90	23.90	24.30	0.00
150.60	25.30	28.90	23.80	24.10	0.00
150.70	25.30	28.90	23.80	24.10	0.00
150.80	24.90	28.90	23.80	24.30	0.00
150.90	24.90	28.90	24.30	24.30	0.00
151.00	25.00	29.00	24.30	24.30	0.00
151.10	24.60	29.00	24.30	24.30	0.00
151.20	24.60	29.00	24.10	23.80	0.00
151.30	24.90	29.00	24.10	23.90	0.00
151.40	24.90	29.00	24.30	24.10	0.00
151.50	25.30	29.00	24.30	24.40	0.00
151.60	25.30	29.00	24.40	24.40	0.00
151.70	24.90	29.00	23.90	24.10	0.00
151.80	24.90	29.00	23.20	24.40	0.00
151.90	24.80	28.90	23.20	24.40	0.00
152.00	24.80	28.90	23.90	24.30	0.00
152.10	25.30	29.00	23.80	24.40	0.00
152.20	25.30	29.00	23.60	24.30	0.00
152.30	24.70	28.90	23.60	24.30	0.00
152.40	24.70	28.90	23.60	24.30	0.00
152.50	25.40	28.80	24.10	24.40	0.00
152.60	25.40	28.80	24.40	23.80	0.00
152.70	24.80	28.90	23.80	23.60	0.00
152.80	24.80	28.90	24.10	23.90	0.00
152.90	25.10	28.80	24.10	23.90	0.00
153.00	25.10	28.80	24.30	23.90	0.00
153.10	24.60	28.90	24.30	24.10	0.00
153.20	24.60	28.90	23.90	24.30	0.00
153.30	25.20	28.90	23.90	24.30	0.00
153.40	25.20	28.90	24.10	24.10	0.00
153.50	24.90	29.10	23.60	24.10	0.00
153.60	24.90	29.10	24.30	24.30	0.00
153.70	24.90	28.80	24.30	24.30	0.00
153.80	24.90	28.80	24.30	24.30	0.00
153.90	25.30	28.80	24.10	23.80	0.00
154.00	25.30	28.80	24.10	24.40	0.00
154.10	24.60	28.90	23.90	24.30	0.00
154.20	24.60	28.90	23.90	24.30	0.00
154.30	25.00	29.00	24.30	25.00	0.00
154.40	25.00	29.00	24.10	23.80	0.00
154.50	25.40	28.80	24.40	24.30	0.00
154.60	25.40	28.80	24.40	24.30	0.00
154.70	24.70	28.90	23.80	24.60	0.00
154.80	24.70	28.90	23.60	24.10	0.00
154.90	25.40	28.80	24.10	24.40	0.00
155.00	25.40	28.80	24.10	23.90	0.00
155.10	25.40	28.80	24.10	23.90	0.00
155.20	25.00	28.80	24.10	23.90	0.00
155.30	25.00	28.80	24.10	24.10	0.00
155.40	25.10	28.80	24.10	24.10	0.00
155.50	25.10	28.80	23.90	24.10	0.00
155.60	24.70	28.80	24.10	23.90	0.00
155.70	24.70	28.80	23.80	24.30	0.00
155.80	24.70	28.80	24.60	23.90	0.00
155.90	24.70	28.80	23.50	24.10	0.00
156.00	25.40	28.70	23.50	24.10	0.00
156.10	25.40	28.70	23.80	24.30	0.00
156.20	25.30	28.70	24.10	24.40	0.00
156.30	25.30	28.70	23.80	24.40	0.00
156.40	25.00	28.70	23.80	24.40	0.00
156.50	25.00	28.70	23.80	24.30	0.00
156.60	24.90	28.80	23.80	24.30	0.00
156.70	24.90	28.80	23.80	24.30	0.00
156.80	25.20	28.90	23.90	23.80	0.00
156.90	25.20	28.90	23.90	24.40	0.00
157.00	24.80	28.70	24.30	24.60	0.00
157.10	24.80	28.70	24.30	24.60	0.00
157.20	25.30	28.90	24.10	24.30	0.00
157.30	25.30	28.90	24.30	23.90	0.00
157.40	25.30	28.90	23.90	23.90	0.00
157.50	24.80	28.90	24.10	23.90	0.00
157.60	24.80	28.90	23.90	22.10	0.00
157.70	24.90	28.80	23.90	22.10	0.00
157.80	24.90	28.80	23.80	23.90	0.00
157.90	24.70	28.80	23.90	24.30	0.00
158.00	24.70	28.80	23.90	24.30	0.00
158.10	24.70	28.80	23.90	24.30	0.00
158.20	25.30	28.70	23.90	24.10	0.00
158.30	25.30	28.70	23.50	24.40	0.00
158.40	24.80	28.80	24.10	24.30	0.00
158.50	24.80	28.80	23.80	24.30	0.00
158.60	24.80	28.80	24.30	23.90	0.00
158.70	24.80	28.80	24.10	24.40	0.00
158.80	24.80	28.80	24.10	24.40	0.00
158.90	24.90	28.80	24.10	24.30	0.00
159.00	24.90	28.80	24.10	24.40	0.00
159.10	25.10	28.80	24.10	24.10	0.00
159.20	25.10	28.80	24.10	24.10	0.00
159.30	25.40	28.70	23.80	23.80	0.00
159.40	25.40	28.70	23.80	23.80	0.00
159.50	25.10	28.70	24.10	24.10	0.00
159.60	25.10	28.70	24.60	24.10	0.00
159.70	25.10	28.70	24.10	23.90	0.00
159.80	25.00	28.90	23.80	24.60	0.00
159.90	25.00	28.90	23.60	24.10	0.00
160.00	25.50	28.80	23.60	24.10	0.00
160.10	25.50	28.80	24.30	24.10	0.00
160.20	24.70	28.60	24.30	24.40	0.00
160.30	24.70	28.60	24.30	24.40	0.00
160.40	24.70	28.60	23.80	24.30	0.00
160.50	25.20	28.70	23.90	23.90	0.00
160.60	25.20	28.70	23.80	23.80	0.00
160.70	25.10	28.70	23.80	23.80	0.00
160.80	25.10	28.70	23.80	23.80	0.00
160.90	24.90	28.70	24.10	23.90	0.00
161.00	24.90	28.70	23.80	23.90	0.00
161.10	25.00	28.70	23.90	23.90	0.00
161.20	25.00	28.70	23.90	23.90	0.00
161.30	24.90	28.80	23.90	23.90	0.00
161.40	24.90	28.80	23.60	24.40	0.00
161.50	24.80	28.70	23.80	23.80	0.00
161.60	24.80	28.70	24.10	24.10	0.00
161.70	25.60	28.70	24.10	24.10	0.00
161.80	25.60	28.70	24.10	24.10	0.00
161.90	25.50	28.70	23.90	24.10	0.00
162.00	25.50	28.70	24.40	24.30	0.00
162.10	24.80	28.70	24.40	24.30	0.00
162.20	24.80	28.70	24.40	24.30	0.00
162.30	24.90	28.80	24.10	23.80	0.00
162.40	24.90	28.80	23.80	23.90	0.00
162.50	25.30	28.70	23.90	23.90	0.00
162.60	25.30	28.70	23.90	23.90	0.00
162.70	25.00	28.70	24.10	24.40	0.00
162.80	25.00	28.70	23.80	24.40	0.00
162.90	24.90	28.70	24.10	24.10	0.00
163.00	24.90	28.70	24.10	23.90	0.00
163.10	25.00	28.70	24.10	23.90	0.00
163.20	25.00	28.70	23.90	23.90	0.00
163.30	24.80	28.60	24.30	24.30	0.00
163.40	24.80	28.60	24.30	24.30	0.00
163.50	24.80	28.60	24.10	24.10	0.00
163.60	24.90	28.70	24.10	24.10	0.00
163.70	24.90	28.70	24.10	24.10	0.00
163.80	24.80	28.70	23.80	24.10	0.00
163.90	24.80	28.70	23.80	24.10	0.00
164.00	25.50	28.60	24.40	23.90	0.00
164.10	25.50	28.60	24.10	24.10	0.00
164.20	25.00	28.70	24.10	24.60	0.00
164.30	25.00	28.70	24.10	24.60	0.00
164.40	25.00	28.60	23.90	23.80	0.00
164.50	25.00	28.60	23.90	24.40	0.00
164.60	24.90	28.70	24.10	24.90	0.00
164.70	24.90	28.70	24.10	24.90	0.00
164.80	24.90	28.70	24.30	23.90	0.00
164.90	24.90	28.70	24.30	24.40	0.00
165.00	25.60	28.50	24.30	24.40	0.00
165.10	25.60	28.50	23.80	24.10	0.00
165.20	25.60	28.50	23.80	24.10	0.00
165.30	25.00	28.70	23.80	24.10	0.00
165.40	25.00	28.70	24.10	24.30	0.00
165.50	25.60	28.70	23.90	24.10	0.00
165.60	25.60	28.70	23.90	24.10	0.00
165.70	25.60	28.70	21.60	24.40	0.00
165.80	25.60	28.70	23.90	25.00	0.00
165.90	25.60	28.70	23.80	24.10	0.00
166.00	25.40	28.60	23.90	23.80	0.00
166.10	25.40	28.60	24.30	24.40	0.00
166.20	25.00	28.50	24.30	24.40	0.00
166.30	25.00	28.50	23.90	24.30	0.00
166.40	25.00	28.50	23.80	24.10	0.00
166.50	24.70	28.70	23.80	24.30	0.00
166.60	24.70	28.70	23.80	24.30	0.00
166.70	25.60	28.70	23.80	24.30	0.00
166.80	25.60	28.70	23.60	24.10	0.00
166.90	24.90	28.50	24.30	24.10	0.00
167.00	24.90	28.50	24.30	24.10	0.00
167.10	25.40	28.60	23.90	24.30	0.00
167.20	25.40	28.60	24.40	23.90	0.00
167.30	25.40	28.60	24.30	24.40	0.00
167.40	24.80	28.60	24.30	24.30	0.00
167.50	24.80	28.60	24.10	24.10	0.00
167.60	25.00	28.60	23.90	23.60	0.00
167.70	25.00	28.60	23.90	23.60	0.00
167.80	25.00	28.60	23.80	24.10	0.00
167.90	25.50	28.60	23.60	24.30	0.00
168.00	25.50	28.60	23.60	24.30	0.00
168.10	25.00	28.60	23.60	24.30	0.00
168.20	25.00	28.60	23.80	23.80	0.00
168.30	25.30	28.70	23.90	23.60	0.00
168.40	25.30	28.70	23.90	23.60	0.00
168.50	25.30	28.60	23.60	23.90	0.00
168.60	25.30	28.60	24.30	23.90	0.00
168.70	24.90	28.50	23.90	24.10	0.00
168.80	24.90	28.50	23.90	24.10	0.00
168.90	25.00	28.60	24.10	23.90	0.00
169.00	25.00	28.60	23.90	24.10	0.00
169.10	25.00	28.60	24.10	23.90	0.00
169.20	25.00	28.60	23.90	23.80	0.00
169.30	25.00	28.70	23.90	23.80	0.00
169.40	25.00	28.70	24.30	23.80	0.00
169.50	24.90	28.60	24.30	23.80	0.00
169.60	24.90	28.60	24.30	23.80	0.00
169.70	25.30	28.60	24.30	24.60	0.00
169.80	25.30	28.60	24.10	23.60	0.00
169.90	24.90	28.70	23.80	24.10	0.00
170.00	24.90	28.70	24.30	24.10	0.00
170.10	25.00	28.50	24.30	24.10	0.00
170.20	25.00	28.50	23.90	24.40	0.00
170.30	25.00	28.50	23.80	24.40	0.00
170.40	25.70	28.60	23.80	24.40	0.00
170.50	25.70	28.60	23.50	23.90	0.00
170.60	25.00	28.50	24.10	24.30	0.00
170.70	25.00	28.50	24.10	24.30	0.00
170.80	25.30	28.50	24.10	24.10	0.00
170.90	25.30	28.50	23.90	23.90	0.00
171.00	25.30	28.50	23.90	23.90	0.00
171.10	25.20	28.40	23.90	23.90	0.00
171.20	25.20	28.40	23.90	24.10	0.00
171.30	25.20	28.40	23.80	24.30	0.00
171.40	25.20	28.40	23.80	23.90	0.00
171.50	25.40	28.30	24.10	24.30	0.00
171.60	25.40	28.30	24.30	23.90	0.00
171.70	25.40	28.30	24.30	23.90	0.00
171.80	24.90	28.50	24.10	24.40	0.00
171.90	24.90	28.50	23.90	23.80	0.00
172.00	24.90	28.50	22.40	24.30	0.00
172.10	24.90	28.50	22.40	24.30	0.00
172.20	24.90	28.40	23.90	24.10	0.00
172.30	24.90	28.40	24.40	23.90	0.00
172.40	25.60	28.60	24.40	23.90	0.00
172.50	25.60	28.60	24.40	23.90	0.00
172.60	25.00	28.50	24.40	23.90	0.00
172.70	25.00	28.50	24.30	24.30	0.00
172.80	24.90	28.60	23.90	24.30	0.00
172.90	24.90	28.60	23.90	24.30	0.00
173.00	25.60	28.60	23.80	24.10	0.00
173.10	25.60	28.60	24.10	24.30	0.00
173.20	25.60	28.60	24.30	24.30	0.00
173.30	25.40	28.50	24.10	24.30	0.00
173.40	25.40	28.50	24.30	24.60	0.00
173.50	25.40	28.50	24.30	24.60	0.00
173.60	25.40	28.50	23.30	23.90	0.00
173.70	25.00	28.50	23.80	24.10	0.00
173.80	25.00	28.50	23.80	24.10	0.00
173.90	25.50	28.40	23.80	24.10	0.00
174.00	25.50	28.40	23.90	24.60	0.00
174.10	24.90	28.40	24.40	24.10	0.00
174.20	24.90	28.40	24.40	24.10	0.00
174.30	25.50	28.50	23.90	23.90	0.00
174.40	25.50	28.50	23.30	23.80	0.00
174.50	25.50	28.50	24.10	23.90	0.00
174.60	25.70	28.50	24.10	24.40	0.00
174.70	25.70	28.50	24.10	24.40	0.00
174.80	25.00	28.40	24.60	23.80	0.00
174.90	25.00	28.40	23.90	24.10	0.00
175.00	25.30	28.50	23.80	24.30	0.00
175.10	25.30	28.50	24.10	24.30	0.00
175.20	25.00	28.40	24.10	24.30	0.00
175.30	25.40	28.40	24.10	24.30	0.00
175.40	25.40	28.40	24.10	23.80	0.00
175.50	25.40	28.40	24.10	23.90	0.00
175.60	25.10	28.40	23.90	23.80	0.00
175.70	25.10	28.40	23.90	24.30	0.00
175.80	25.30	28.40	23.90	24.30	0.00
175.90	25.30	28.40	23.60	23.80	0.00
176.00	25.30	28.50	23.60	24.30	0.00
176.10	25.30	28.50	24.30	24.10	0.00
176.20	25.60	28.40	24.30	24.10	0.00
176.30	25.60	28.40	24.10	24.10	0.00
176.40	25.00	28.50	23.30	24.40	0.00
176.50	25.00	28.50	24.30	23.90	0.00
176.60	25.00	28.50	24.30	23.90	0.00
176.70	25.10	28.40	24.30	23.90	0.00
176.80	25.10	28.40	24.30	23.90	0.00
176.90	25.60	28.30	23.90	24.10	0.00
177.00	25.60	28.30	23.90	23.80	0.00
177.10	25.70	28.40	24.10	23.00	0.00
177.20	25.70	28.40	24.10	23.80	0.00
177.30	25.70	28.40	23.90	24.60	0.00
177.40	25.10	28.50	24.40	24.10	0.00
177.50	25.10	28.50	23.90	24.10	0.00
177.60	25.40	28.30	23.90	24.10	0.00
177.70	25.40	28.30	23.80	24.10	0.00
177.80	24.90	28.30	23.90	24.30	0.00
177.90	24.90	28.30	23.90	24.30	0.00
178.00	25.00	28.20	24.30	24.70	0.00
178.10	25.00	28.20	24.30	24.70	0.00
178.20	25.40	28.40	24.30	24.70	0.00
178.30	25.40	28.40	23.90	24.10	0.00
178.40	25.50	28.40	23.90	24.30	0.00
178.50	25.50	28.40	23.90	24.40	0.00
178.60	25.50	28.40	23.90	24.70	0.00
178.70	25.20	28.30	23.90	24.70	0.00
178.80	25.20	28.30	23.90	24.30	0.00
178.90	25.10	28.40	24.30	23.90	0.00
179.00	25.10	28.40	23.90	24.30	0.00
179.10	25.30	28.30	23.90	24.30	0.00
179.20	25.30	28.30	24.10	23.80	0.00
179.30	25.40	28.40	24.30	23.90	0.00
179.40	25.40	28.40	24.30	24.60	0.00
179.50	25.40	28.40	24.30	24.60	0.00
179.60	25.60	28.30	24.30	24.60	0.00
179.70	25.00	28.40	23.90	24.10	0.00
179.80	25.00	28.40	24.30	23.90	0.00
179.90	24.90	28.30	24.40	23.60	0.00
180.00	24.90	28.30	23.50	23.90	0.00
180.10	25.60	28.30	23.80	23.90	0.00
180.20	25.60	28.30	23.80	23.90	0.00
180.30	25.60	28.40	23.80	24.30	0.00
180.40	25.60	28.40	24.30	24.40	0.00
180.50	25.20	28.20	24.10	24.10	0.00
180.60	25.20	28.20	24.10	23.90	0.00
180.70	25.30	28.30	23.80	23.80	0.00
180.80	25.30	28.30	23.80	23.80	0.00
180.90	25.30	28.30	23.80	23.80	0.00
181.00	25.60	28.40	23.90	24.40	0.00
181.10	25.60	28.40	24.10	24.30	0.00
181.20	25.10	28.30	24.10	24.30	0.00
181.30	25.10	28.30	23.80	24.30	0.00
181.40	25.10	28.40	24.30	23.90	0.00
181.50	25.10	28.40	24.30	23.90	0.00
181.60	25.10	28.40	24.10	24.10	0.00
181.70	25.00	28.30	24.10	24.10	0.00
181.80	25.00	28.30	24.10	24.40	0.00
181.90	25.60	28.30	24.10	24.40	0.00
182.00	25.60	28.30	24.10	24.10	0.00
182.10	25.10	28.30	24.10	23.80	0.00
182.20	25.10	28.30	24.30	24.10	0.00
182.30	24.90	28.10	24.30	24.10	0.00
182.40	24.90	28.10	24.30	24.10	0.00
182.50	24.90	28.10	23.80	23.90	0.00
182.60	25.30	28.20	23.80	23.90	0.00
182.70	25.30	28.20	24.10	23.90	0.00
182.80	24.90	28.40	24.10	23.60	0.00
182.90	24.90	28.40	24.10	23.60	0.00
183.00	24.90	28.40	24.10	23.80	0.00
183.10	25.30	28.30	24.10	23.80	0.00
183.20	25.50	28.20	24.30	24.10	0.00
183.30	25.50	28.20	24.10	24.30	0.00
183.40	25.50	28.20	23.90	24.30	0.00
183.50	25.60	28.00	23.60	24.30	0.00
183.60	25.60	28.00	23.60	24.30	0.00
183.70	25.50	28.20	23.80	24.10	0.00
183.80	25.50	28.20	23.80	24.10	0.00
183.90	25.10	28.20	24.30	24.60	0.00
184.00	25.10	28.20	24.30	24.60	0.00
184.10	24.90	28.40	23.90	23.80	0.00
184.20	24.90	28.40	23.90	23.80	0.00
184.30	25.00	28.40	24.30	24.30	0.00
184.40	25.00	28.40	24.30	24.30	0.00
184.50	25.00	28.30	23.80	24.10	0.00
184.60	25.00	28.30	23.60	23.90	0.00
184.70	25.10	28.30	23.90	24.30	0.00
184.80	25.10	28.30	23.90	24.30	0.00
184.90	25.40	28.30	24.10	24.30	0.00
185.00	25.40	28.30	24.30	24.70	0.00
185.10	25.30	28.10	24.10	24.10	0.00
185.20	25.30	28.10	24.10	24.10	0.00
185.30	25.20	28.10	23.80	24.30	0.00
185.40	25.20	28.10	23.80	24.30	0.00
185.50	25.40	28.30	24.10	23.80	0.00
185.60	25.40	28.30	24.40	24.40	0.00
185.70	25.30	28.30	23.80	23.90	0.00
